Timepoint Replicate Haplotype Freq
0 1 0000 0.996713939813213
0 1 0001 1e-04
0 1 0010 1e-04
0 1 0011 1e-04
0 1 0100 0.00121065375302663
0 1 0101 1e-04
0 1 0110 1e-04
0 1 0111 1e-04
0 1 1000 0.00207540643375994
0 1 1001 1e-04
0 1 1010 1e-04
0 1 1011 1e-04
0 1 1100 1e-04
0 1 1101 1e-04
0 1 1111 1e-04
0 2 0000 0.997331240188383
0 2 0001 0.000156985871271586
0 2 0010 0.000156985871271586
0 2 0011 1e-04
0 2 0100 0.0010989010989011
0 2 0101 1e-04
0 2 0110 1e-04
0 2 0111 1e-04
0 2 1000 0.00125588697017268
0 2 1001 1e-04
0 2 1010 1e-04
0 2 1011 1e-04
0 2 1100 1e-04
0 2 1101 1e-04
0 2 1111 1e-04
7 1 0000 0.642753036437247
7 1 0001 0.00048582995951417
7 1 0010 0.020080971659919
7 1 0011 0.00291497975708502
7 1 0100 0.33004048582996
7 1 0101 0.000161943319838057
7 1 0110 0.00145748987854251
7 1 0111 0.000323886639676113
7 1 1000 0.00097165991902834
7 1 1001 1e-04
7 1 1010 1e-04
7 1 1011 1e-04
7 1 1100 0.000647773279352227
7 1 1101 0.000161943319838057
7 1 1111 1e-04
7 2 0000 0.619138922781942
7 2 0001 0.00174307129161583
7 2 0010 0.0160362558828656
7 2 0011 0.000174307129161583
7 2 0100 0.361164371622799
7 2 0101 0.000522921387484748
7 2 0110 0.000522921387484748
7 2 0111 1e-04
7 2 1000 0.000522921387484748
7 2 1001 1e-04
7 2 1010 1e-04
7 2 1011 1e-04
7 2 1100 0.000174307129161583
7 2 1101 1e-04
7 2 1111 1e-04
14 1 0000 0.905259771594016
14 1 0001 0.0144764355798617
14 1 0010 0.000804246421103426
14 1 0011 0.0381212803603024
14 1 0100 0.00209104069486891
14 1 0101 1e-04
14 1 0110 1e-04
14 1 0111 1e-04
14 1 1000 0.0376387325076403
14 1 1001 0.000804246421103426
14 1 1010 1e-04
14 1 1011 0.000804246421103426
14 1 1100 1e-04
14 1 1101 1e-04
14 1 1111 1e-04
14 2 0000 0.911786693246947
14 2 0001 0.00971841515076003
14 2 0010 0.000332253509427693
14 2 0011 0.0376277099426863
14 2 0100 0.00265802807542155
14 2 0101 1e-04
14 2 0110 1e-04
14 2 0111 1e-04
14 2 1000 0.0362986959049755
14 2 1001 0.000332253509427693
14 2 1010 1e-04
14 2 1011 0.00116288728299693
14 2 1100 8.30633773569233e-05
14 2 1101 1e-04
14 2 1111 1e-04
21 1 0000 0.110799670239077
21 1 0001 0.00164880461665293
21 1 0010 0.000824402308326463
21 1 0011 0.0872217642209398
21 1 0100 0.719703215169002
21 1 0101 0.00428689200329761
21 1 0110 0.000329760923330585
21 1 0111 0.0443528441879637
21 1 1000 0.0159934047815334
21 1 1001 0.000164880461665293
21 1 1010 1e-04
21 1 1011 0.00494641384995878
21 1 1100 0.00972794723825227
21 1 1101 1e-04
21 1 1111 1e-04
21 2 0000 0.114969562811289
21 2 0001 0.00262866629773105
21 2 0010 0.00138350857775318
21 2 0011 0.0769230769230769
21 2 0100 0.725926950747095
21 2 0101 0.00442722744881018
21 2 0110 1e-04
21 2 0111 0.0437188710570006
21 2 1000 0.0153569452130603
21 2 1001 0.000138350857775318
21 2 1010 1e-04
21 2 1011 0.00415052573325955
21 2 1100 0.0103763143331489
21 2 1101 1e-04
21 2 1111 1e-04
28 1 0000 0.175358817677988
28 1 0001 0.00127895409975842
28 1 0010 0.00213159016626403
28 1 0011 0.317038510729004
28 1 0100 0.0505897399459997
28 1 0101 0.000852636066505613
28 1 0110 1e-04
28 1 0111 0.0117947989199943
28 1 1000 0.206337928094358
28 1 1001 0.00767372459855052
28 1 1010 0.000710530055421344
28 1 1011 0.2177064089811
28 1 1100 0.00824214864288759
28 1 1101 0.000142106011084269
28 1 1111 0.000142106011084269
28 2 0000 0.164632204649188
28 2 0001 0.00169833351024307
28 2 0010 0.00201677104341365
28 2 0011 0.317906803948625
28 2 0100 0.0667657361214308
28 2 0101 0.00116760428829211
28 2 0110 1e-04
28 2 0111 0.0162403141916994
28 2 1000 0.217705126844284
28 2 1001 0.00700562572975268
28 2 1010 0.000106145844390192
28 2 1011 0.19350387432332
28 2 1100 0.0109330219721898
28 2 1101 1e-04
28 2 1111 0.000318437533170576
56 1 0000 0.0890506427133344
56 1 0001 0.00108409478085798
56 1 0010 0.00340715502555366
56 1 0011 0.281864643023076
56 1 0100 0.47297506582004
56 1 0101 0.00743379278302617
56 1 0110 0.000309741365959424
56 1 0111 0.143100511073254
56 1 1000 0.000154870682979712
56 1 1001 1e-04
56 1 1010 1e-04
56 1 1011 1e-04
56 1 1100 0.000309741365959424
56 1 1101 1e-04
56 1 1111 0.000309741365959424
56 2 0000 0.078993490235353
56 2 0001 0.000375563345017526
56 2 0010 0.00225338007010516
56 2 0011 0.28042063094642
56 2 0100 0.513645468202304
56 2 0101 0.00550826239359039
56 2 0110 0.000125187781672509
56 2 0111 0.117926890335503
56 2 1000 1e-04
56 2 1001 1e-04
56 2 1010 1e-04
56 2 1011 1e-04
56 2 1100 0.000500751126690035
56 2 1101 1e-04
56 2 1111 0.000250375563345017
62 1 0000 0.00134975535684157
62 1 0001 1e-04
62 1 0010 0.000168719419605197
62 1 0011 0.000337438839210393
62 1 0100 0.99578201450987
62 1 0101 0.00050615825881559
62 1 0110 0.000168719419605197
62 1 0111 1e-04
62 1 1000 1e-04
62 1 1001 1e-04
62 1 1010 1e-04
62 1 1011 1e-04
62 1 1100 0.00168719419605197
62 1 1101 1e-04
62 1 1111 1e-04
62 2 0000 0.00245829675153644
62 2 0001 1e-04
62 2 0010 1e-04
62 2 0011 0.000526777875329236
62 2 0100 0.994907813871817
62 2 0101 0.00122914837576822
62 2 0110 1e-04
62 2 0111 1e-04
62 2 1000 1e-04
62 2 1001 1e-04
62 2 1010 1e-04
62 2 1011 1e-04
62 2 1100 0.000877963125548727
62 2 1101 1e-04
62 2 1111 1e-04
76 1 0000 0.00169459612125777
76 1 0001 1e-04
76 1 0010 1e-04
76 1 0011 1e-04
76 1 0100 0.996987384673319
76 1 0101 1e-04
76 1 0110 1e-04
76 1 0111 1e-04
76 1 1000 1e-04
76 1 1001 1e-04
76 1 1010 1e-04
76 1 1011 1e-04
76 1 1100 0.00131801920542271
76 1 1101 1e-04
76 1 1111 1e-04
76 2 0000 0.00165143674997248
76 2 0001 1e-04
76 2 0010 1e-04
76 2 0011 1e-04
76 2 0100 0.99702741385005
76 2 0101 0.000110095783331498
76 2 0110 0.000220191566662997
76 2 0111 1e-04
76 2 1000 1e-04
76 2 1001 1e-04
76 2 1010 1e-04
76 2 1011 1e-04
76 2 1100 0.000990862049983486
76 2 1101 1e-04
76 2 1111 1e-04
