AANumber	ChainAANumber	Residue	Distance
1	1	V	34.422901
2	2	E	33.407028
3	3	Y	30.352577
4	4	R	28.989382
5	5	N	29.980186
6	6	W	28.944696
7	7	S	31.667202
8	8	K	32.537868
9	9	P	32.087219
10	10	Q	29.206186
11	11	C	30.883020
12	12	Q	31.571953
13	13	I	29.531672
14	14	T	30.225721
15	15	G	26.874256
16	16	F	25.168959
17	17	A	26.839640
18	18	P	25.096327
19	19	F	24.614134
20	20	S	22.858973
21	21	K	20.941555
22	22	D	20.687756
23	23	N	20.402744
24	24	S	18.822536
25	25	I	18.172157
26	26	R	21.715950
27	27	L	23.201128
28	28	S	21.535864
29	29	A	23.767950
30	30	G	26.719418
31	31	G	25.344408
32	32	D	22.897621
33	33	I	19.689894
34	34	W	16.422951
35	35	V	13.551941
36	36	T	10.581789
37	37	R	7.700268
38	38	E	6.726462
39	39	P	10.543478
40	40	Y	12.941929
41	41	V	16.577562
42	42	S	18.620012
43	43	C	22.272875
44	44	D	24.937656
45	45	P	28.470934
46	46	V	29.814663
47	47	K	26.933411
48	48	C	23.414736
49	49	Y	20.557287
50	50	Q	17.420532
51	51	F	14.266211
52	52	A	11.061242
53	53	L	8.962449
54	54	G	11.107936
55	55	Q	11.049055
56	56	G	14.501971
57	57	T	16.481537
58	58	T	18.114759
59	59	L	18.209261
60	60	D	21.818844
61	61	N	21.362942
62	62	K	21.318100
63	63	H	18.327589
64	64	S	16.047747
65	65	N	16.737816
66	66	D	13.910474
67	67	T	11.009992
68	68	V	8.918623
69	69	H	7.619622
70	70	D	4.333756
71	71	R	5.906990
72	72	I	9.717758
73	73	P	12.275164
74	74	H	13.492598
75	75	R	10.633327
76	76	T	12.523852
77	77	L	12.640208
78	78	L	14.995487
79	79	M	17.549360
80	80	N	20.404951
81	81	E	22.935469
82	82	L	21.786087
83	83	G	22.934788
84	84	V	23.165567
85	85	P	20.546259
86	86	F	18.698362
87	87	H	21.634043
88	88	L	22.499031
89	89	G	24.058681
90	90	T	20.954233
91	91	R	20.348190
92	92	Q	17.505318
93	93	V	17.742981
94	94	C	15.464610
95	95	I	13.039386
96	96	A	9.323444
97	97	W	6.174743
98	98	S	5.329319
99	99	S	8.934406
100	100	S	11.894409
101	101	S	15.486233
102	102	C	18.782244
103	103	H	22.445101
104	104	D	24.717937
105	105	G	27.980946
106	106	K	28.600092
107	107	A	25.443527
108	108	W	21.837755
109	109	L	19.038496
110	110	H	15.694330
111	111	V	13.010848
112	112	C	10.881036
113	113	I	8.425288
114	114	T	9.129295
115	115	G	10.573017
116	116	D	10.891016
117	117	D	8.556975
118	118	K	11.629689
119	119	N	12.539571
120	120	A	10.214930
121	121	T	12.165249
122	122	A	11.709284
123	123	S	14.704141
124	124	F	16.762417
125	125	I	18.729815
126	126	Y	21.570858
127	127	D	24.355598
128	128	G	23.600176
129	129	R	23.696127
130	130	L	21.099298
131	131	V	22.301414
132	132	D	20.091393
133	133	S	17.096785
134	134	I	15.704354
135	135	G	14.394680
136	136	S	12.360148
137	137	W	14.668917
138	138	S	13.233979
139	139	Q	12.765429
140	140	N	9.608019
141	141	I	6.328397
142	142	L	7.108000
143	143	R	4.956834
144	144	T	7.453322
145	145	Q	9.569040
146	146	E	8.459397
147	147	S	11.929877
148	148	E	15.422878
149	149	C	16.309486
150	150	V	20.122894
151	151	C	22.885706
152	152	I	26.369015
153	153	N	29.221767
154	154	G	27.265583
155	155	T	24.493462
156	156	C	20.975391
157	157	T	18.723446
158	158	V	14.907261
159	159	V	13.051129
160	160	M	10.390492
161	161	T	9.033027
162	162	D	8.836459
163	163	G	8.483860
164	164	S	7.054081
165	165	A	3.945760
166	166	S	7.120501
167	167	G	9.635242
168	168	R	11.180623
169	169	A	9.601918
170	170	D	11.764384
171	171	T	12.079147
172	172	R	15.140772
173	173	I	16.392551
174	174	L	17.564316
175	175	F	20.653072
176	176	I	21.173286
177	177	E	24.373285
178	178	E	24.636398
179	179	G	21.362331
180	180	K	22.495659
181	181	I	20.900484
182	182	V	23.952850
183	183	H	22.988911
184	184	I	20.177816
185	185	S	20.468018
186	186	P	18.129784
187	187	L	16.781679
188	188	A	19.528803
189	189	G	20.584045
190	190	S	19.029367
191	191	A	15.319509
192	192	Q	13.370296
193	193	H	9.752792
194	194	V	8.875370
195	195	E	5.648244
196	196	E	6.639240
197	197	C	10.265658
198	198	S	12.974135
199	199	C	15.959589
200	200	Y	19.642775
201	201	P	23.090168
202	202	R	24.923708
203	203	Y	27.848579
204	204	P	28.272066
205	205	G	24.675377
206	206	V	21.289976
207	207	R	19.238998
208	208	C	15.488934
209	209	I	13.959064
210	210	C	10.252092
211	211	R	7.734627
212	212	D	8.794776
213	213	N	6.424920
214	214	W	9.013010
215	215	K	12.510733
216	216	G	13.066471
217	217	S	13.822988
218	218	N	15.377128
219	219	R	13.253119
220	220	P	13.679719
221	221	V	16.093283
222	222	V	16.319452
223	223	D	19.877264
224	224	I	20.898720
225	225	N	24.712362
226	226	M	25.518641
227	227	E	28.899563
228	228	D	28.235043
229	229	Y	24.576223
230	230	S	24.117065
231	231	I	20.844114
232	232	D	20.976261
233	233	S	18.346292
234	234	S	18.836527
235	235	Y	17.607555
236	236	V	19.012255
237	237	C	22.384951
238	238	S	22.468147
239	239	G	22.755665
240	240	L	20.878130
241	241	V	17.364004
242	242	G	14.375574
243	243	D	11.126672
244	244	T	10.057976
245	245	P	11.392012
246	246	R	14.462396
247	247	N	18.084070
248	248	D	20.024311
249	249	D	22.251936
250	250	R	25.240805
251	251	S	23.869982
252	252	S	21.385954
253	253	N	22.419458
254	254	S	21.353933
255	255	N	23.540398
256	256	C	22.001732
257	257	R	21.428745
258	258	N	19.314568
259	259	P	16.456087
260	260	N	18.410145
261	261	N	16.971066
262	262	E	17.541269
263	263	R	14.834596
264	264	G	12.327667
265	265	T	9.471734
266	266	Q	6.932752
267	267	G	6.263394
268	268	V	5.139171
269	269	K	7.057611
270	270	G	10.614145
271	271	W	14.251339
272	272	A	17.653704
273	273	F	20.802156
274	274	D	23.917027
275	275	N	27.516430
276	276	G	29.869789
277	277	N	29.043339
278	278	D	27.407564
279	279	L	23.781954
280	280	W	22.354197
281	281	M	18.751415
282	282	G	16.440722
283	283	R	13.948332
284	284	T	13.221988
285	285	I	16.574213
286	286	S	15.358135
287	287	K	14.691870
288	288	D	13.048280
289	289	L	11.472441
290	290	R	9.769378
291	291	S	13.264727
292	292	G	15.868505
293	293	Y	15.918765
294	294	E	18.802994
295	295	T	20.080923
296	296	F	22.940132
297	297	K	25.004473
298	298	V	25.343376
299	299	I	28.857096
300	300	G	28.895687
301	301	G	25.013947
302	302	W	24.594868
303	303	S	27.198914
304	304	T	28.294319
305	305	P	26.435902
306	306	N	25.778761
307	307	S	27.179239
308	308	K	26.210819
309	309	S	28.639664
310	310	Q	26.787134
311	311	I	28.568640
312	312	N	27.966894
313	313	R	25.063919
314	314	Q	24.173958
315	315	V	22.195545
316	316	I	20.243685
317	317	V	18.489840
318	318	D	20.249159
319	319	S	18.869442
320	320	D	19.356863
321	321	N	16.916002
322	322	R	13.203524
323	323	S	11.528258
324	324	G	7.995428
325	325	Y	7.825716
326	326	S	11.241529
327	327	G	13.289035
328	328	I	16.900560
329	329	F	19.213865
330	330	S	22.846792
331	331	V	25.630875
332	332	E	28.943865
333	333	G	31.721581
334	334	K	35.427185
335	335	S	36.199486
336	336	C	32.780262
337	337	I	29.154991
338	338	N	27.162685
339	339	R	23.490698
340	340	C	21.471291
341	341	F	17.827694
342	342	Y	15.840272
343	343	V	13.401473
344	344	E	11.085208
345	345	L	11.936794
346	346	I	9.807917
347	347	R	12.159357
348	348	G	12.708036
349	349	R	11.664727
350	350	K	10.874601
351	351	Q	12.146525
352	352	E	14.896457
353	353	T	16.954338
354	354	R	19.690027
355	355	V	18.106373
356	356	W	16.544729
357	357	W	14.289688
358	358	T	10.942707
359	359	S	11.472460
360	360	N	11.492757
361	361	S	14.571518
362	362	I	15.395551
363	363	V	17.918848
364	364	V	19.241795
365	365	F	21.854521
366	366	C	24.024298
367	367	G	25.838524
368	368	T	29.439472
369	369	S	32.492199
370	370	G	34.162861
371	371	T	33.792973
372	372	Y	31.585966
373	373	G	31.311163
374	374	T	28.685801
375	375	G	26.398630
376	376	S	22.996349
377	377	W	21.420355
378	378	P	18.733210
379	379	D	17.499023
380	380	G	20.713816
381	381	A	20.405930
382	382	N	22.267412
383	383	I	20.328382
384	384	N	23.793856
385	385	F	24.861298
386	386	M	22.071859
387	387	P	22.767416
388	388	I	20.991003
