AANumber	ChainAANumber	Residue	Distance
1	1	Q	117.766861
2	2	D	118.118759
3	3	L	120.919083
4	4	P	120.993050
5	5	G	119.921028
6	6	N	121.068367
7	7	D	117.674622
8	8	N	114.536308
9	9	S	111.016159
10	10	T	107.549408
11	11	A	103.943672
12	12	T	100.681450
13	13	L	97.408775
14	14	C	94.240417
15	15	L	90.936455
16	16	G	87.740379
17	17	H	84.051910
18	18	H	81.940430
19	19	A	79.937035
20	20	V	77.466667
21	21	P	77.458839
22	22	N	73.698296
23	23	G	72.707092
24	24	T	69.186317
25	25	L	68.694122
26	26	V	67.252556
27	27	K	66.669304
28	28	T	68.681000
29	29	I	69.248619
30	30	T	71.769203
31	31	D	70.885567
32	32	D	67.809326
33	33	Q	69.203613
34	34	I	72.094757
35	35	E	72.670296
36	36	V	72.780075
37	37	T	73.743576
38	38	N	70.258331
39	39	A	66.843910
40	40	T	63.447666
41	41	E	60.006142
42	42	L	57.949516
43	43	V	54.653236
44	44	Q	52.346943
45	45	S	50.753281
46	46	S	49.021309
47	47	S	46.280952
48	48	T	45.999352
49	49	G	42.649837
50	50	K	41.160816
51	51	I	39.705704
52	52	C	41.957180
53	53	N	40.276024
54	54	N	43.189381
55	55	P	44.112499
56	56	H	40.780983
57	57	R	37.587948
58	58	I	35.468014
59	59	L	31.828711
60	60	D	30.348743
61	61	G	26.714258
62	62	I	26.392136
63	63	D	22.981243
64	64	C	21.709414
65	65	T	22.570290
66	66	L	23.505951
67	67	I	20.366394
68	68	D	18.154140
69	69	A	20.708826
70	70	L	20.663729
71	71	L	16.917433
72	72	G	16.722918
73	73	D	14.729157
74	74	P	14.734711
75	75	H	17.165737
76	76	C	19.343706
77	77	D	19.871431
78	78	V	23.403479
79	79	F	24.470030
80	80	Q	23.368198
81	81	N	25.973043
82	82	E	28.362780
83	83	T	31.283421
84	84	W	33.351467
85	85	D	36.095608
86	86	L	34.608467
87	87	F	31.033998
88	88	V	31.117161
89	89	E	28.048637
90	90	R	27.985502
91	91	S	27.474144
92	92	K	25.149078
93	93	A	22.586613
94	94	F	19.016697
95	95	S	15.768208
96	96	N	12.844124
97	97	C	9.979436
98	98	Y	7.698062
99	99	P	9.320990
100	100	Y	11.174220
101	101	D	14.129372
102	102	V	17.093742
103	103	P	19.160763
104	104	D	22.602671
105	105	Y	21.653120
106	106	A	25.327152
107	107	S	26.522116
108	108	L	24.208494
109	109	R	25.235233
110	110	S	28.772442
111	111	L	28.717525
112	112	V	27.346140
113	113	A	29.402615
114	114	S	32.515347
115	115	S	31.420366
116	116	G	31.829700
117	117	T	29.368269
118	118	L	25.767935
119	119	E	26.340399
120	120	F	23.200083
121	121	I	23.497162
122	122	T	20.688904
123	123	E	21.075842
124	124	G	20.353439
125	125	F	18.178896
126	126	T	17.587734
127	127	W	14.683346
128	128	T	16.255230
129	129	G	14.697134
130	130	V	10.920087
131	131	T	8.415066
132	132	Q	8.450679
133	133	N	7.485736
134	134	G	3.859703
135	135	G	5.075169
136	136	S	3.446733
137	137	N	3.790202
138	138	A	5.662786
139	139	C	7.899920
140	140	K	9.455759
141	141	R	12.346450
142	142	G	14.093092
143	143	P	12.701890
144	144	G	9.808246
145	145	S	6.922905
146	146	G	8.191858
147	147	F	9.253097
148	148	F	12.207529
149	149	S	14.104270
150	150	R	14.845411
151	151	L	11.918461
152	152	N	9.426236
153	153	W	6.060588
154	154	L	6.854298
155	155	T	5.909655
156	156	K	9.116646
157	157	S	10.987317
158	158	G	13.120483
159	159	S	13.458843
160	160	T	13.869337
161	161	Y	12.964059
162	162	P	16.198570
163	163	V	17.691788
164	164	L	16.734289
165	165	N	19.972126
166	166	V	20.485624
167	167	T	23.278732
168	168	M	24.096786
169	169	P	27.800495
170	170	N	29.245268
171	171	N	31.885164
172	172	D	32.654621
173	173	N	35.273590
174	174	F	33.088924
175	175	D	30.643089
176	176	K	26.920385
177	177	L	24.567432
178	178	Y	21.016771
179	179	I	18.447781
180	180	W	15.601420
181	181	G	13.837016
182	182	I	11.650996
183	183	H	7.903675
184	184	H	7.857996
185	185	P	5.664437
186	186	S	6.455751
187	187	T	8.710450
188	188	N	11.123084
189	189	Q	10.235875
190	190	E	6.526102
191	191	Q	8.457824
192	192	T	10.703835
193	193	S	8.064377
194	194	L	6.024765
195	195	Y	9.155863
196	196	V	11.903356
197	197	Q	14.490579
198	198	A	14.647208
199	199	S	14.830705
200	200	G	14.166115
201	201	R	16.678846
202	202	V	16.964460
203	203	T	20.400795
204	204	V	21.065176
205	205	S	24.692074
206	206	T	27.551702
207	207	R	31.165798
208	208	R	31.931089
209	209	S	29.218733
210	210	Q	26.320364
211	211	Q	23.344484
212	212	T	21.030571
213	213	I	17.799936
214	214	I	16.019485
215	215	P	12.372161
216	216	N	12.441980
217	217	I	10.511239
218	218	G	10.726670
219	219	S	10.164656
220	220	R	10.708494
221	221	P	11.989833
222	222	W	10.579493
223	223	V	10.825337
224	224	R	8.933554
225	225	G	7.426373
226	226	Q	5.990611
227	227	S	6.639526
228	228	S	4.774720
229	229	R	7.292856
230	230	I	8.845359
231	231	S	12.621471
232	232	I	15.374997
233	233	Y	18.546822
234	234	W	21.444817
235	235	T	23.586636
236	236	I	26.610830
237	237	V	27.655966
238	238	K	31.368408
239	239	P	33.139015
240	240	G	33.656872
241	241	D	31.125759
242	242	V	27.930334
243	243	L	24.396059
244	244	V	22.913517
245	245	I	19.199520
246	246	N	18.903492
247	247	S	16.244976
248	248	N	15.513691
249	249	G	12.379953
250	250	N	10.335896
251	251	L	11.176484
252	252	I	9.906359
253	253	A	12.259057
254	254	P	15.066345
255	255	R	15.813644
256	256	G	19.529062
257	257	Y	22.159515
258	258	F	24.084606
259	259	K	27.798155
260	260	M	29.901239
261	261	R	33.264206
262	262	T	36.047039
263	263	G	38.045734
264	264	K	38.955029
265	265	S	35.409561
266	266	S	33.714832
267	267	I	31.424519
268	268	M	32.740681
269	269	R	31.233397
270	270	S	33.334518
271	271	D	33.179783
272	272	A	36.448082
273	273	P	36.585011
274	274	I	37.236179
275	275	D	40.468266
276	276	T	42.863468
277	277	C	45.613255
278	278	I	46.907688
279	279	S	46.444809
280	280	E	46.292713
281	281	C	44.833172
282	282	I	41.460049
283	283	T	40.743156
284	284	P	37.747799
285	285	N	40.331993
286	286	G	41.085964
287	287	S	43.611435
288	288	I	47.010227
289	289	P	50.280888
290	290	N	51.226505
291	291	D	54.927814
292	292	K	55.318237
293	293	P	54.852230
294	294	F	52.722057
295	295	Q	50.134613
296	296	N	48.840706
297	297	V	46.038761
298	298	N	43.010765
299	299	K	42.538017
300	300	I	39.539234
301	301	T	40.971218
302	302	Y	40.309937
303	303	G	43.328693
304	304	A	47.134354
305	305	C	47.299282
306	306	P	49.897438
307	307	K	49.542660
308	308	Y	47.851677
309	309	V	50.317482
310	310	K	50.515587
311	311	Q	53.864460
312	312	N	53.548378
313	313	T	57.075447
314	314	L	59.291801
315	315	K	62.421715
316	316	L	64.439980
317	317	A	68.164345
318	318	T	69.444443
319	319	G	72.967613
320	320	M	75.892380
321	321	R	76.507240
322	322	N	77.256927
323	323	V	80.687408
324	324	P	81.630760
325	325	E	84.884659
326	326	K	82.984047
327	327	Q	83.341148
328	328	T	80.501488
329	1	G	79.774399
330	2	L	81.245056
331	3	F	84.309006
332	4	G	85.257240
333	5	A	86.150505
334	6	I	83.360100
335	7	A	83.475708
336	8	G	86.349060
337	9	F	89.815613
338	10	I	88.589836
339	11	E	88.308861
340	12	N	85.708961
341	13	G	84.207748
342	14	W	85.228806
343	15	E	82.655548
344	16	G	85.028984
345	17	M	84.475235
346	18	I	81.849457
347	19	D	82.553276
348	20	G	81.985336
349	21	W	81.019646
350	22	Y	84.331657
351	23	G	87.760422
352	24	F	91.431061
353	25	R	93.160065
354	26	H	96.938286
355	27	Q	100.052002
356	28	N	103.164101
357	29	S	106.221809
358	30	E	104.334129
359	31	G	102.101486
360	32	T	98.618713
361	33	G	95.355949
362	34	Q	92.056641
363	35	A	90.148033
364	36	A	86.841301
365	37	D	86.905617
366	38	L	84.400421
367	39	K	84.520248
368	40	S	83.288544
369	41	T	80.859077
370	42	Q	79.299911
371	43	A	79.378952
372	44	A	77.515823
373	45	I	74.994797
374	46	D	74.206520
375	47	Q	73.515144
376	48	I	71.205032
377	49	N	69.353157
378	50	G	69.240227
379	51	K	67.482979
380	52	L	65.122437
381	53	N	64.006256
382	54	R	63.338978
383	55	V	61.028606
384	56	I	59.330761
385	57	E	58.995380
386	58	K	55.723183
387	59	T	52.354950
388	60	N	50.002266
389	61	E	46.628361
390	62	K	43.448914
391	63	F	39.984337
392	64	H	36.851753
393	65	Q	37.739017
394	66	I	35.761951
395	67	E	33.732426
396	68	K	36.019474
397	69	E	33.827866
398	70	F	30.914360
399	71	S	28.595709
400	72	E	27.347115
401	73	V	29.325621
402	74	E	29.061357
403	75	G	32.343948
404	76	R	34.268028
405	77	I	33.369392
406	78	Q	33.366016
407	79	D	36.531059
408	80	L	38.095032
409	81	E	36.955589
410	82	K	38.585903
411	83	Y	41.715656
412	84	V	42.243774
413	85	E	42.196709
414	86	D	44.159744
415	87	T	46.868443
416	88	K	46.946632
417	89	I	47.651466
418	90	D	50.307800
419	91	L	52.104599
420	92	W	52.180283
421	93	S	53.276123
422	94	Y	56.145397
423	95	N	57.078735
424	96	A	57.298744
425	97	E	59.304394
426	98	L	61.768505
427	99	L	62.097427
428	100	V	63.302597
429	101	A	65.547935
430	102	L	67.372589
431	103	E	67.337471
432	104	N	68.834053
433	105	Q	71.411568
434	106	H	72.567780
435	107	T	72.693748
436	108	I	75.038193
437	109	D	77.309647
438	110	L	77.334900
439	111	T	78.392311
440	112	D	80.978813
441	113	S	82.048439
442	114	E	82.598373
443	115	M	84.688339
444	116	N	86.863815
445	117	K	87.054291
446	118	L	88.417839
447	119	F	90.861046
448	120	E	92.149590
449	121	K	92.429749
450	122	T	94.655060
451	123	R	96.615921
452	124	R	97.380730
453	125	Q	98.495155
454	126	L	100.915237
455	127	R	102.735237
456	128	E	105.942406
457	129	N	106.022430
458	130	A	103.524582
459	131	E	102.666260
460	132	E	99.340607
461	133	M	99.328537
462	134	G	96.366287
463	135	N	94.126244
464	136	G	92.881516
465	137	C	96.014786
466	138	F	98.852135
467	139	K	102.406929
468	140	I	103.876938
469	141	Y	107.648254
470	142	H	109.027710
471	143	K	109.028633
472	144	C	105.534042
473	145	D	104.963318
474	146	N	101.572350
475	147	A	101.786232
476	148	C	102.629799
477	149	I	99.452553
478	150	E	97.618828
479	151	S	98.796204
480	152	I	97.610039
481	153	R	94.188438
482	154	N	93.966698
483	155	G	95.240089
484	156	T	98.642067
485	157	Y	100.990494
486	158	D	104.040695
487	159	H	105.305840
488	160	D	108.706589
489	161	V	109.430679
490	162	Y	109.710739
491	163	R	110.303963
492	164	D	114.012901
493	165	E	113.475914
494	166	A	110.565361
495	167	L	112.090385
496	168	N	115.304512
497	169	N	113.603905
498	170	R	111.384460
499	171	F	113.990402
500	172	Q	116.784180
501	173	I	116.900742
502	174	K	118.361595
503	175	G	117.582565
