Gene NumSitesTotal NumUniqueData NumUniqueSimulated Frequency GeneLength SiteProportion NumSimulations pvalue
4-HA 26 19 11 1 567 0.05 100000 0.78811
4-HA 26 19 12 4 567 0.05 100000 0.78811
4-HA 26 19 13 60 567 0.05 100000 0.78811
4-HA 26 19 14 481 567 0.05 100000 0.78811
4-HA 26 19 15 2527 567 0.05 100000 0.78811
4-HA 26 19 16 8277 567 0.05 100000 0.78811
4-HA 26 19 17 17947 567 0.05 100000 0.78811
4-HA 26 19 18 25574 567 0.05 100000 0.78811
4-HA 26 19 19 23940 567 0.05 100000 0.78811
4-HA 26 19 20 14186 567 0.05 100000 0.78811
4-HA 26 19 21 5510 567 0.05 100000 0.78811
4-HA 26 19 22 1261 567 0.05 100000 0.78811
4-HA 26 19 23 216 567 0.05 100000 0.78811
4-HA 26 19 24 15 567 0.05 100000 0.78811
4-HA 26 19 25 1 567 0.05 100000 0.78811
4-HA 26 19 14 1 567 0.1 100000 0.05851
4-HA 26 19 15 2 567 0.1 100000 0.05851
4-HA 26 19 16 37 567 0.1 100000 0.05851
4-HA 26 19 17 221 567 0.1 100000 0.05851
4-HA 26 19 18 1142 567 0.1 100000 0.05851
4-HA 26 19 19 4448 567 0.1 100000 0.05851
4-HA 26 19 20 11572 567 0.1 100000 0.05851
4-HA 26 19 21 20881 567 0.1 100000 0.05851
4-HA 26 19 22 25723 567 0.1 100000 0.05851
4-HA 26 19 23 21109 567 0.1 100000 0.05851
4-HA 26 19 24 11152 567 0.1 100000 0.05851
4-HA 26 19 25 3297 567 0.1 100000 0.05851
4-HA 26 19 26 415 567 0.1 100000 0.05851
4-HA 26 19 15 1 567 0.15 100000 0.00695000000000001
4-HA 26 19 16 3 567 0.15 100000 0.00695000000000001
4-HA 26 19 17 10 567 0.15 100000 0.00695000000000001
4-HA 26 19 18 110 567 0.15 100000 0.00695000000000001
4-HA 26 19 19 571 567 0.15 100000 0.00695000000000001
4-HA 26 19 20 2631 567 0.15 100000 0.00695000000000001
4-HA 26 19 21 8288 567 0.15 100000 0.00695000000000001
4-HA 26 19 22 18227 567 0.15 100000 0.00695000000000001
4-HA 26 19 23 26953 567 0.15 100000 0.00695000000000001
4-HA 26 19 24 26004 567 0.15 100000 0.00695000000000001
4-HA 26 19 25 13806 567 0.15 100000 0.00695000000000001
4-HA 26 19 26 3396 567 0.15 100000 0.00695000000000001
4-HA 26 19 17 1 567 0.2 100000 0.00131999999999999
4-HA 26 19 18 15 567 0.2 100000 0.00131999999999999
4-HA 26 19 19 116 567 0.2 100000 0.00131999999999999
4-HA 26 19 20 712 567 0.2 100000 0.00131999999999999
4-HA 26 19 21 3127 567 0.2 100000 0.00131999999999999
4-HA 26 19 22 10390 567 0.2 100000 0.00131999999999999
4-HA 26 19 23 21814 567 0.2 100000 0.00131999999999999
4-HA 26 19 24 30537 567 0.2 100000 0.00131999999999999
4-HA 26 19 25 24441 567 0.2 100000 0.00131999999999999
4-HA 26 19 26 8847 567 0.2 100000 0.00131999999999999
4-HA 26 19 18 3 567 0.25 100000 0.000369999999999981
4-HA 26 19 19 34 567 0.25 100000 0.000369999999999981
4-HA 26 19 20 211 567 0.25 100000 0.000369999999999981
4-HA 26 19 21 1398 567 0.25 100000 0.000369999999999981
4-HA 26 19 22 5745 567 0.25 100000 0.000369999999999981
4-HA 26 19 23 16116 567 0.25 100000 0.000369999999999981
4-HA 26 19 24 30068 567 0.25 100000 0.000369999999999981
4-HA 26 19 25 31700 567 0.25 100000 0.000369999999999981
4-HA 26 19 26 14725 567 0.25 100000 0.000369999999999981
4-HA 26 19 19 13 567 0.3 100000 0.000129999999999963
4-HA 26 19 20 92 567 0.3 100000 0.000129999999999963
4-HA 26 19 21 619 567 0.3 100000 0.000129999999999963
4-HA 26 19 22 3479 567 0.3 100000 0.000129999999999963
4-HA 26 19 23 12010 567 0.3 100000 0.000129999999999963
4-HA 26 19 24 26852 567 0.3 100000 0.000129999999999963
4-HA 26 19 25 36108 567 0.3 100000 0.000129999999999963
4-HA 26 19 26 20827 567 0.3 100000 0.000129999999999963
4-HA 26 19 19 2 567 0.35 100000 2.000000000002e-05
4-HA 26 19 20 44 567 0.35 100000 2.000000000002e-05
4-HA 26 19 21 351 567 0.35 100000 2.000000000002e-05
4-HA 26 19 22 2112 567 0.35 100000 2.000000000002e-05
4-HA 26 19 23 9018 567 0.35 100000 2.000000000002e-05
4-HA 26 19 24 23916 567 0.35 100000 2.000000000002e-05
4-HA 26 19 25 38172 567 0.35 100000 2.000000000002e-05
4-HA 26 19 26 26385 567 0.35 100000 2.000000000002e-05
4-HA 26 19 19 5 567 0.4 100000 4.99999999999945e-05
4-HA 26 19 20 22 567 0.4 100000 4.99999999999945e-05
4-HA 26 19 21 219 567 0.4 100000 4.99999999999945e-05
4-HA 26 19 22 1367 567 0.4 100000 4.99999999999945e-05
4-HA 26 19 23 6688 567 0.4 100000 4.99999999999945e-05
4-HA 26 19 24 21101 567 0.4 100000 4.99999999999945e-05
4-HA 26 19 25 38976 567 0.4 100000 4.99999999999945e-05
4-HA 26 19 26 31622 567 0.4 100000 4.99999999999945e-05
4-HA 26 19 19 1 567 0.45 100000 9.99999999995449e-06
4-HA 26 19 20 9 567 0.45 100000 9.99999999995449e-06
4-HA 26 19 21 102 567 0.45 100000 9.99999999995449e-06
4-HA 26 19 22 954 567 0.45 100000 9.99999999995449e-06
4-HA 26 19 23 5164 567 0.45 100000 9.99999999995449e-06
4-HA 26 19 24 18862 567 0.45 100000 9.99999999995449e-06
4-HA 26 19 25 39200 567 0.45 100000 9.99999999995449e-06
4-HA 26 19 26 35708 567 0.45 100000 9.99999999995449e-06
4-HA 26 19 20 7 567 0.5 100000 0
4-HA 26 19 21 71 567 0.5 100000 0
4-HA 26 19 22 652 567 0.5 100000 0
4-HA 26 19 23 4190 567 0.5 100000 0
4-HA 26 19 24 16692 567 0.5 100000 0
4-HA 26 19 25 38568 567 0.5 100000 0
4-HA 26 19 26 39820 567 0.5 100000 0
4-HA 26 19 20 5 567 0.55 100000 0
4-HA 26 19 21 57 567 0.55 100000 0
4-HA 26 19 22 490 567 0.55 100000 0
4-HA 26 19 23 3182 567 0.55 100000 0
4-HA 26 19 24 14710 567 0.55 100000 0
4-HA 26 19 25 37934 567 0.55 100000 0
4-HA 26 19 26 43622 567 0.55 100000 0
4-HA 26 19 19 1 567 0.6 100000 9.99999999995449e-06
4-HA 26 19 20 1 567 0.6 100000 9.99999999995449e-06
4-HA 26 19 21 35 567 0.6 100000 9.99999999995449e-06
4-HA 26 19 22 366 567 0.6 100000 9.99999999995449e-06
4-HA 26 19 23 2601 567 0.6 100000 9.99999999995449e-06
4-HA 26 19 24 13043 567 0.6 100000 9.99999999995449e-06
4-HA 26 19 25 37229 567 0.6 100000 9.99999999995449e-06
4-HA 26 19 26 46724 567 0.6 100000 9.99999999995449e-06
4-HA 26 19 21 22 567 0.65 100000 0
4-HA 26 19 22 272 567 0.65 100000 0
4-HA 26 19 23 2194 567 0.65 100000 0
4-HA 26 19 24 11627 567 0.65 100000 0
4-HA 26 19 25 36102 567 0.65 100000 0
4-HA 26 19 26 49783 567 0.65 100000 0
4-HA 26 19 20 1 567 0.7 100000 0
4-HA 26 19 21 14 567 0.7 100000 0
4-HA 26 19 22 202 567 0.7 100000 0
4-HA 26 19 23 1822 567 0.7 100000 0
4-HA 26 19 24 10504 567 0.7 100000 0
4-HA 26 19 25 35301 567 0.7 100000 0
4-HA 26 19 26 52156 567 0.7 100000 0
4-HA 26 19 21 14 567 0.75 100000 0
4-HA 26 19 22 169 567 0.75 100000 0
4-HA 26 19 23 1486 567 0.75 100000 0
4-HA 26 19 24 9511 567 0.75 100000 0
4-HA 26 19 25 34285 567 0.75 100000 0
4-HA 26 19 26 54535 567 0.75 100000 0
4-HA 26 19 20 1 567 0.8 100000 0
4-HA 26 19 21 10 567 0.8 100000 0
4-HA 26 19 22 117 567 0.8 100000 0
4-HA 26 19 23 1296 567 0.8 100000 0
4-HA 26 19 24 8580 567 0.8 100000 0
4-HA 26 19 25 33150 567 0.8 100000 0
4-HA 26 19 26 56846 567 0.8 100000 0
4-HA 26 19 21 5 567 0.85 100000 0
4-HA 26 19 22 112 567 0.85 100000 0
4-HA 26 19 23 1136 567 0.85 100000 0
4-HA 26 19 24 7684 567 0.85 100000 0
4-HA 26 19 25 32415 567 0.85 100000 0
4-HA 26 19 26 58648 567 0.85 100000 0
4-HA 26 19 21 3 567 0.9 100000 0
4-HA 26 19 22 67 567 0.9 100000 0
4-HA 26 19 23 930 567 0.9 100000 0
4-HA 26 19 24 7132 567 0.9 100000 0
4-HA 26 19 25 31261 567 0.9 100000 0
4-HA 26 19 26 60607 567 0.9 100000 0
4-HA 26 19 21 4 567 0.95 100000 0
4-HA 26 19 22 71 567 0.95 100000 0
4-HA 26 19 23 798 567 0.95 100000 0
4-HA 26 19 24 6384 567 0.95 100000 0
4-HA 26 19 25 30314 567 0.95 100000 0
4-HA 26 19 26 62429 567 0.95 100000 0
4-HA 26 19 21 3 567 1 100000 0
4-HA 26 19 22 64 567 1 100000 0
4-HA 26 19 23 698 567 1 100000 0
4-HA 26 19 24 6040 567 1 100000 0
4-HA 26 19 25 29486 567 1 100000 0
4-HA 26 19 26 63709 567 1 100000 0
6-NA 20 17 10 11 470 0.05 100000 0.96962
6-NA 20 17 11 135 470 0.05 100000 0.96962
6-NA 20 17 12 1567 470 0.05 100000 0.96962
6-NA 20 17 13 7878 470 0.05 100000 0.96962
6-NA 20 17 14 20775 470 0.05 100000 0.96962
6-NA 20 17 15 30399 470 0.05 100000 0.96962
6-NA 20 17 16 24892 470 0.05 100000 0.96962
6-NA 20 17 17 11305 470 0.05 100000 0.96962
6-NA 20 17 18 2726 470 0.05 100000 0.96962
6-NA 20 17 19 290 470 0.05 100000 0.96962
6-NA 20 17 20 22 470 0.05 100000 0.96962
6-NA 20 17 12 9 470 0.1 100000 0.51758
6-NA 20 17 13 154 470 0.1 100000 0.51758
6-NA 20 17 14 1154 470 0.1 100000 0.51758
6-NA 20 17 15 5594 470 0.1 100000 0.51758
6-NA 20 17 16 16039 470 0.1 100000 0.51758
6-NA 20 17 17 28808 470 0.1 100000 0.51758
6-NA 20 17 18 29115 470 0.1 100000 0.51758
6-NA 20 17 19 15754 470 0.1 100000 0.51758
6-NA 20 17 20 3373 470 0.1 100000 0.51758
6-NA 20 17 12 1 470 0.15 100000 0.24133
6-NA 20 17 13 14 470 0.15 100000 0.24133
6-NA 20 17 14 114 470 0.15 100000 0.24133
6-NA 20 17 15 1098 470 0.15 100000 0.24133
6-NA 20 17 16 5579 470 0.15 100000 0.24133
6-NA 20 17 17 17327 470 0.15 100000 0.24133
6-NA 20 17 18 32088 470 0.15 100000 0.24133
6-NA 20 17 19 31240 470 0.15 100000 0.24133
6-NA 20 17 20 12539 470 0.15 100000 0.24133
6-NA 20 17 13 2 470 0.2 100000 0.12985
6-NA 20 17 14 18 470 0.2 100000 0.12985
6-NA 20 17 15 342 470 0.2 100000 0.12985
6-NA 20 17 16 2333 470 0.2 100000 0.12985
6-NA 20 17 17 10290 470 0.2 100000 0.12985
6-NA 20 17 18 27053 470 0.2 100000 0.12985
6-NA 20 17 19 37727 470 0.2 100000 0.12985
6-NA 20 17 20 22235 470 0.2 100000 0.12985
6-NA 20 17 14 7 470 0.25 100000 0.0738
6-NA 20 17 15 120 470 0.25 100000 0.0738
6-NA 20 17 16 1044 470 0.25 100000 0.0738
6-NA 20 17 17 6209 470 0.25 100000 0.0738
6-NA 20 17 18 21792 470 0.25 100000 0.0738
6-NA 20 17 19 40152 470 0.25 100000 0.0738
6-NA 20 17 20 30676 470 0.25 100000 0.0738
6-NA 20 17 14 5 470 0.3 100000 0.04757
6-NA 20 17 15 43 470 0.3 100000 0.04757
6-NA 20 17 16 591 470 0.3 100000 0.04757
6-NA 20 17 17 4118 470 0.3 100000 0.04757
6-NA 20 17 18 17659 470 0.3 100000 0.04757
6-NA 20 17 19 40050 470 0.3 100000 0.04757
6-NA 20 17 20 37534 470 0.3 100000 0.04757
6-NA 20 17 14 1 470 0.35 100000 0.0316
6-NA 20 17 15 21 470 0.35 100000 0.0316
6-NA 20 17 16 318 470 0.35 100000 0.0316
6-NA 20 17 17 2820 470 0.35 100000 0.0316
6-NA 20 17 18 14213 470 0.35 100000 0.0316
6-NA 20 17 19 38975 470 0.35 100000 0.0316
6-NA 20 17 20 43652 470 0.35 100000 0.0316
6-NA 20 17 15 15 470 0.4 100000 0.02259
6-NA 20 17 16 228 470 0.4 100000 0.02259
6-NA 20 17 17 2016 470 0.4 100000 0.02259
6-NA 20 17 18 11717 470 0.4 100000 0.02259
6-NA 20 17 19 37245 470 0.4 100000 0.02259
6-NA 20 17 20 48779 470 0.4 100000 0.02259
6-NA 20 17 15 8 470 0.45 100000 0.01535
6-NA 20 17 16 111 470 0.45 100000 0.01535
6-NA 20 17 17 1416 470 0.45 100000 0.01535
6-NA 20 17 18 9811 470 0.45 100000 0.01535
6-NA 20 17 19 35722 470 0.45 100000 0.01535
6-NA 20 17 20 52932 470 0.45 100000 0.01535
6-NA 20 17 15 7 470 0.5 100000 0.01181
6-NA 20 17 16 75 470 0.5 100000 0.01181
6-NA 20 17 17 1099 470 0.5 100000 0.01181
6-NA 20 17 18 8320 470 0.5 100000 0.01181
6-NA 20 17 19 33857 470 0.5 100000 0.01181
6-NA 20 17 20 56642 470 0.5 100000 0.01181
6-NA 20 17 15 3 470 0.55 100000 0.00963999999999998
6-NA 20 17 16 71 470 0.55 100000 0.00963999999999998
6-NA 20 17 17 890 470 0.55 100000 0.00963999999999998
6-NA 20 17 18 7272 470 0.55 100000 0.00963999999999998
6-NA 20 17 19 32545 470 0.55 100000 0.00963999999999998
6-NA 20 17 20 59219 470 0.55 100000 0.00963999999999998
6-NA 20 17 15 2 470 0.6 100000 0.00768999999999997
6-NA 20 17 16 50 470 0.6 100000 0.00768999999999997
6-NA 20 17 17 717 470 0.6 100000 0.00768999999999997
6-NA 20 17 18 6158 470 0.6 100000 0.00768999999999997
6-NA 20 17 19 30660 470 0.6 100000 0.00768999999999997
6-NA 20 17 20 62413 470 0.6 100000 0.00768999999999997
6-NA 20 17 15 2 470 0.65 100000 0.00558000000000003
6-NA 20 17 16 26 470 0.65 100000 0.00558000000000003
6-NA 20 17 17 530 470 0.65 100000 0.00558000000000003
6-NA 20 17 18 5490 470 0.65 100000 0.00558000000000003
6-NA 20 17 19 29215 470 0.65 100000 0.00558000000000003
6-NA 20 17 20 64737 470 0.65 100000 0.00558000000000003
6-NA 20 17 15 3 470 0.7 100000 0.00495999999999996
6-NA 20 17 16 33 470 0.7 100000 0.00495999999999996
6-NA 20 17 17 460 470 0.7 100000 0.00495999999999996
6-NA 20 17 18 4758 470 0.7 100000 0.00495999999999996
6-NA 20 17 19 27944 470 0.7 100000 0.00495999999999996
6-NA 20 17 20 66802 470 0.7 100000 0.00495999999999996
6-NA 20 17 16 21 470 0.75 100000 0.00407000000000002
6-NA 20 17 17 386 470 0.75 100000 0.00407000000000002
6-NA 20 17 18 4167 470 0.75 100000 0.00407000000000002
6-NA 20 17 19 26669 470 0.75 100000 0.00407000000000002
6-NA 20 17 20 68757 470 0.75 100000 0.00407000000000002
6-NA 20 17 15 1 470 0.8 100000 0.00339
6-NA 20 17 16 16 470 0.8 100000 0.00339
6-NA 20 17 17 322 470 0.8 100000 0.00339
6-NA 20 17 18 3858 470 0.8 100000 0.00339
6-NA 20 17 19 25526 470 0.8 100000 0.00339
6-NA 20 17 20 70277 470 0.8 100000 0.00339
6-NA 20 17 16 17 470 0.85 100000 0.00265000000000004
6-NA 20 17 17 248 470 0.85 100000 0.00265000000000004
6-NA 20 17 18 3509 470 0.85 100000 0.00265000000000004
6-NA 20 17 19 24215 470 0.85 100000 0.00265000000000004
6-NA 20 17 20 72011 470 0.85 100000 0.00265000000000004
6-NA 20 17 16 7 470 0.9 100000 0.00231000000000003
6-NA 20 17 17 224 470 0.9 100000 0.00231000000000003
6-NA 20 17 18 3169 470 0.9 100000 0.00231000000000003
6-NA 20 17 19 23321 470 0.9 100000 0.00231000000000003
6-NA 20 17 20 73279 470 0.9 100000 0.00231000000000003
6-NA 20 17 16 11 470 0.95 100000 0.00195999999999996
6-NA 20 17 17 185 470 0.95 100000 0.00195999999999996
6-NA 20 17 18 2750 470 0.95 100000 0.00195999999999996
6-NA 20 17 19 22609 470 0.95 100000 0.00195999999999996
6-NA 20 17 20 74445 470 0.95 100000 0.00195999999999996
6-NA 20 17 16 7 470 1 100000 0.00190999999999997
6-NA 20 17 17 184 470 1 100000 0.00190999999999997
6-NA 20 17 18 2540 470 1 100000 0.00190999999999997
6-NA 20 17 19 21710 470 1 100000 0.00190999999999997
6-NA 20 17 20 75559 470 1 100000 0.00190999999999997
8-NEP 6 5 3 6029 142 0.05 100000 0.91845
8-NEP 6 5 4 41197 142 0.05 100000 0.91845
8-NEP 6 5 5 44619 142 0.05 100000 0.91845
8-NEP 6 5 6 8155 142 0.05 100000 0.91845
8-NEP 6 5 3 722 142 0.1 100000 0.61471
8-NEP 6 5 4 13103 142 0.1 100000 0.61471
8-NEP 6 5 5 47646 142 0.1 100000 0.61471
8-NEP 6 5 6 38529 142 0.1 100000 0.61471
8-NEP 6 5 3 208 142 0.15 100000 0.44373
8-NEP 6 5 4 6149 142 0.15 100000 0.44373
8-NEP 6 5 5 38016 142 0.15 100000 0.44373
8-NEP 6 5 6 55627 142 0.15 100000 0.44373
8-NEP 6 5 3 80 142 0.2 100000 0.34864
8-NEP 6 5 4 3422 142 0.2 100000 0.34864
8-NEP 6 5 5 31362 142 0.2 100000 0.34864
8-NEP 6 5 6 65136 142 0.2 100000 0.34864
8-NEP 6 5 3 35 142 0.25 100000 0.27746
8-NEP 6 5 4 2179 142 0.25 100000 0.27746
8-NEP 6 5 5 25532 142 0.25 100000 0.27746
8-NEP 6 5 6 72254 142 0.25 100000 0.27746
8-NEP 6 5 3 33 142 0.3 100000 0.2371
8-NEP 6 5 4 1551 142 0.3 100000 0.2371
8-NEP 6 5 5 22126 142 0.3 100000 0.2371
8-NEP 6 5 6 76290 142 0.3 100000 0.2371
8-NEP 6 5 3 10 142 0.35 100000 0.20753
8-NEP 6 5 4 1156 142 0.35 100000 0.20753
8-NEP 6 5 5 19587 142 0.35 100000 0.20753
8-NEP 6 5 6 79247 142 0.35 100000 0.20753
8-NEP 6 5 3 8 142 0.4 100000 0.18336
8-NEP 6 5 4 892 142 0.4 100000 0.18336
8-NEP 6 5 5 17436 142 0.4 100000 0.18336
8-NEP 6 5 6 81664 142 0.4 100000 0.18336
8-NEP 6 5 3 6 142 0.45 100000 0.16155
8-NEP 6 5 4 728 142 0.45 100000 0.16155
8-NEP 6 5 5 15421 142 0.45 100000 0.16155
8-NEP 6 5 6 83845 142 0.45 100000 0.16155
8-NEP 6 5 3 7 142 0.5 100000 0.14956
8-NEP 6 5 4 550 142 0.5 100000 0.14956
8-NEP 6 5 5 14399 142 0.5 100000 0.14956
8-NEP 6 5 6 85044 142 0.5 100000 0.14956
8-NEP 6 5 3 3 142 0.55 100000 0.13529
8-NEP 6 5 4 506 142 0.55 100000 0.13529
8-NEP 6 5 5 13020 142 0.55 100000 0.13529
8-NEP 6 5 6 86471 142 0.55 100000 0.13529
8-NEP 6 5 3 5 142 0.6 100000 0.12385
8-NEP 6 5 4 414 142 0.6 100000 0.12385
8-NEP 6 5 5 11966 142 0.6 100000 0.12385
8-NEP 6 5 6 87615 142 0.6 100000 0.12385
8-NEP 6 5 3 1 142 0.65 100000 0.11565
8-NEP 6 5 4 342 142 0.65 100000 0.11565
8-NEP 6 5 5 11222 142 0.65 100000 0.11565
8-NEP 6 5 6 88435 142 0.65 100000 0.11565
8-NEP 6 5 3 3 142 0.7 100000 0.10889
8-NEP 6 5 4 318 142 0.7 100000 0.10889
8-NEP 6 5 5 10568 142 0.7 100000 0.10889
8-NEP 6 5 6 89111 142 0.7 100000 0.10889
8-NEP 6 5 3 2 142 0.75 100000 0.09987
8-NEP 6 5 4 238 142 0.75 100000 0.09987
8-NEP 6 5 5 9747 142 0.75 100000 0.09987
8-NEP 6 5 6 90013 142 0.75 100000 0.09987
8-NEP 6 5 3 2 142 0.8 100000 0.0952
8-NEP 6 5 4 230 142 0.8 100000 0.0952
8-NEP 6 5 5 9288 142 0.8 100000 0.0952
8-NEP 6 5 6 90480 142 0.8 100000 0.0952
8-NEP 6 5 4 207 142 0.85 100000 0.08944
8-NEP 6 5 5 8737 142 0.85 100000 0.08944
8-NEP 6 5 6 91056 142 0.85 100000 0.08944
8-NEP 6 5 4 192 142 0.9 100000 0.08372
8-NEP 6 5 5 8180 142 0.9 100000 0.08372
8-NEP 6 5 6 91628 142 0.9 100000 0.08372
8-NEP 6 5 4 150 142 0.95 100000 0.07888
8-NEP 6 5 5 7738 142 0.95 100000 0.07888
8-NEP 6 5 6 92112 142 0.95 100000 0.07888
8-NEP 6 5 3 1 142 1 100000 0.07577
8-NEP 6 5 4 146 142 1 100000 0.07577
8-NEP 6 5 5 7430 142 1 100000 0.07577
8-NEP 6 5 6 92423 142 1 100000 0.07577
8-NS1 9 8 5 1869 231 0.05 100000 0.94615
8-NS1 9 8 6 18703 231 0.05 100000 0.94615
8-NS1 9 8 7 43393 231 0.05 100000 0.94615
8-NS1 9 8 8 30650 231 0.05 100000 0.94615
8-NS1 9 8 9 5385 231 0.05 100000 0.94615
8-NS1 9 8 5 143 231 0.1 100000 0.70042
8-NS1 9 8 6 3088 231 0.1 100000 0.70042
8-NS1 9 8 7 20648 231 0.1 100000 0.70042
8-NS1 9 8 8 46163 231 0.1 100000 0.70042
8-NS1 9 8 9 29958 231 0.1 100000 0.70042
8-NS1 9 8 5 18 231 0.15 100000 0.51956
8-NS1 9 8 6 913 231 0.15 100000 0.51956
8-NS1 9 8 7 10538 231 0.15 100000 0.51956
8-NS1 9 8 8 40487 231 0.15 100000 0.51956
8-NS1 9 8 9 48044 231 0.15 100000 0.51956
8-NS1 9 8 5 9 231 0.2 100000 0.42026
8-NS1 9 8 6 412 231 0.2 100000 0.42026
8-NS1 9 8 7 6425 231 0.2 100000 0.42026
8-NS1 9 8 8 35180 231 0.2 100000 0.42026
8-NS1 9 8 9 57974 231 0.2 100000 0.42026
8-NS1 9 8 5 1 231 0.25 100000 0.34891
8-NS1 9 8 6 207 231 0.25 100000 0.34891
8-NS1 9 8 7 4208 231 0.25 100000 0.34891
8-NS1 9 8 8 30475 231 0.25 100000 0.34891
8-NS1 9 8 9 65109 231 0.25 100000 0.34891
8-NS1 9 8 5 2 231 0.3 100000 0.29753
8-NS1 9 8 6 101 231 0.3 100000 0.29753
8-NS1 9 8 7 3050 231 0.3 100000 0.29753
8-NS1 9 8 8 26600 231 0.3 100000 0.29753
8-NS1 9 8 9 70247 231 0.3 100000 0.29753
8-NS1 9 8 6 78 231 0.35 100000 0.25758
8-NS1 9 8 7 2329 231 0.35 100000 0.25758
8-NS1 9 8 8 23351 231 0.35 100000 0.25758
8-NS1 9 8 9 74242 231 0.35 100000 0.25758
8-NS1 9 8 6 60 231 0.4 100000 0.23032
8-NS1 9 8 7 1723 231 0.4 100000 0.23032
8-NS1 9 8 8 21249 231 0.4 100000 0.23032
8-NS1 9 8 9 76968 231 0.4 100000 0.23032
8-NS1 9 8 6 33 231 0.45 100000 0.20335
8-NS1 9 8 7 1386 231 0.45 100000 0.20335
8-NS1 9 8 8 18916 231 0.45 100000 0.20335
8-NS1 9 8 9 79665 231 0.45 100000 0.20335
8-NS1 9 8 6 32 231 0.5 100000 0.18473
8-NS1 9 8 7 1149 231 0.5 100000 0.18473
8-NS1 9 8 8 17292 231 0.5 100000 0.18473
8-NS1 9 8 9 81527 231 0.5 100000 0.18473
8-NS1 9 8 6 21 231 0.55 100000 0.17015
8-NS1 9 8 7 946 231 0.55 100000 0.17015
8-NS1 9 8 8 16048 231 0.55 100000 0.17015
8-NS1 9 8 9 82985 231 0.55 100000 0.17015
8-NS1 9 8 6 10 231 0.6 100000 0.15659
8-NS1 9 8 7 827 231 0.6 100000 0.15659
8-NS1 9 8 8 14822 231 0.6 100000 0.15659
8-NS1 9 8 9 84341 231 0.6 100000 0.15659
8-NS1 9 8 6 13 231 0.65 100000 0.14684
8-NS1 9 8 7 711 231 0.65 100000 0.14684
8-NS1 9 8 8 13960 231 0.65 100000 0.14684
8-NS1 9 8 9 85316 231 0.65 100000 0.14684
8-NS1 9 8 6 14 231 0.7 100000 0.13494
8-NS1 9 8 7 612 231 0.7 100000 0.13494
8-NS1 9 8 8 12868 231 0.7 100000 0.13494
8-NS1 9 8 9 86506 231 0.7 100000 0.13494
8-NS1 9 8 6 3 231 0.75 100000 0.12691
8-NS1 9 8 7 495 231 0.75 100000 0.12691
8-NS1 9 8 8 12193 231 0.75 100000 0.12691
8-NS1 9 8 9 87309 231 0.75 100000 0.12691
8-NS1 9 8 6 9 231 0.8 100000 0.11967
8-NS1 9 8 7 432 231 0.8 100000 0.11967
8-NS1 9 8 8 11526 231 0.8 100000 0.11967
8-NS1 9 8 9 88033 231 0.8 100000 0.11967
8-NS1 9 8 6 8 231 0.85 100000 0.1134
8-NS1 9 8 7 407 231 0.85 100000 0.1134
8-NS1 9 8 8 10925 231 0.85 100000 0.1134
8-NS1 9 8 9 88660 231 0.85 100000 0.1134
8-NS1 9 8 6 6 231 0.9 100000 0.10725
8-NS1 9 8 7 367 231 0.9 100000 0.10725
8-NS1 9 8 8 10352 231 0.9 100000 0.10725
8-NS1 9 8 9 89275 231 0.9 100000 0.10725
8-NS1 9 8 6 3 231 0.95 100000 0.10234
8-NS1 9 8 7 322 231 0.95 100000 0.10234
8-NS1 9 8 8 9909 231 0.95 100000 0.10234
8-NS1 9 8 9 89766 231 0.95 100000 0.10234
8-NS1 9 8 6 5 231 1 100000 0.09543
8-NS1 9 8 7 309 231 1 100000 0.09543
8-NS1 9 8 8 9229 231 1 100000 0.09543
8-NS1 9 8 9 90457 231 1 100000 0.09543
