OverlapSimulated Frequency Gene GeneLength SiteProportion NumSimulations OverlapEmpirical pvalue
14 19 4-HA 567 0.15 10000 9 1
15 180 4-HA 567 0.15 10000 9 1
16 1001 4-HA 567 0.15 10000 9 1
17 2803 4-HA 567 0.15 10000 9 1
18 4000 4-HA 567 0.15 10000 9 1
19 1997 4-HA 567 0.15 10000 9 1
5 2 4-HA 567 0.2 10000 9 0.9948
6 1 4-HA 567 0.2 10000 9 0.9948
7 5 4-HA 567 0.2 10000 9 0.9948
8 44 4-HA 567 0.2 10000 9 0.9948
9 179 4-HA 567 0.2 10000 9 0.9948
10 406 4-HA 567 0.2 10000 9 0.9948
11 932 4-HA 567 0.2 10000 9 0.9948
12 1609 4-HA 567 0.2 10000 9 0.9948
13 2114 4-HA 567 0.2 10000 9 0.9948
14 2121 4-HA 567 0.2 10000 9 0.9948
15 1503 4-HA 567 0.2 10000 9 0.9948
16 766 4-HA 567 0.2 10000 9 0.9948
17 263 4-HA 567 0.2 10000 9 0.9948
18 45 4-HA 567 0.2 10000 9 0.9948
19 10 4-HA 567 0.2 10000 9 0.9948
3 1 4-HA 567 0.25 10000 9 0.853
4 11 4-HA 567 0.25 10000 9 0.853
5 46 4-HA 567 0.25 10000 9 0.853
6 162 4-HA 567 0.25 10000 9 0.853
7 410 4-HA 567 0.25 10000 9 0.853
8 840 4-HA 567 0.25 10000 9 0.853
9 1431 4-HA 567 0.25 10000 9 0.853
10 1929 4-HA 567 0.25 10000 9 0.853
11 1905 4-HA 567 0.25 10000 9 0.853
12 1539 4-HA 567 0.25 10000 9 0.853
13 1018 4-HA 567 0.25 10000 9 0.853
14 474 4-HA 567 0.25 10000 9 0.853
15 175 4-HA 567 0.25 10000 9 0.853
16 44 4-HA 567 0.25 10000 9 0.853
17 13 4-HA 567 0.25 10000 9 0.853
18 2 4-HA 567 0.25 10000 9 0.853
1 1 4-HA 567 0.3 10000 9 0.5686
2 5 4-HA 567 0.3 10000 9 0.5686
3 31 4-HA 567 0.3 10000 9 0.5686
4 115 4-HA 567 0.3 10000 9 0.5686
5 344 4-HA 567 0.3 10000 9 0.5686
6 738 4-HA 567 0.3 10000 9 0.5686
7 1279 4-HA 567 0.3 10000 9 0.5686
8 1801 4-HA 567 0.3 10000 9 0.5686
9 1938 4-HA 567 0.3 10000 9 0.5686
10 1682 4-HA 567 0.3 10000 9 0.5686
11 1088 4-HA 567 0.3 10000 9 0.5686
12 627 4-HA 567 0.3 10000 9 0.5686
13 238 4-HA 567 0.3 10000 9 0.5686
14 84 4-HA 567 0.3 10000 9 0.5686
15 21 4-HA 567 0.3 10000 9 0.5686
16 8 4-HA 567 0.3 10000 9 0.5686
1 3 4-HA 567 0.35 10000 9 0.3248
2 28 4-HA 567 0.35 10000 9 0.3248
3 153 4-HA 567 0.35 10000 9 0.3248
4 441 4-HA 567 0.35 10000 9 0.3248
5 933 4-HA 567 0.35 10000 9 0.3248
6 1474 4-HA 567 0.35 10000 9 0.3248
7 1836 4-HA 567 0.35 10000 9 0.3248
8 1884 4-HA 567 0.35 10000 9 0.3248
9 1502 4-HA 567 0.35 10000 9 0.3248
10 931 4-HA 567 0.35 10000 9 0.3248
11 554 4-HA 567 0.35 10000 9 0.3248
12 197 4-HA 567 0.35 10000 9 0.3248
13 46 4-HA 567 0.35 10000 9 0.3248
14 15 4-HA 567 0.35 10000 9 0.3248
15 3 4-HA 567 0.35 10000 9 0.3248
1 20 4-HA 567 0.4 10000 9 0.1648
2 132 4-HA 567 0.4 10000 9 0.1648
3 397 4-HA 567 0.4 10000 9 0.1648
4 899 4-HA 567 0.4 10000 9 0.1648
5 1515 4-HA 567 0.4 10000 9 0.1648
6 1956 4-HA 567 0.4 10000 9 0.1648
7 1919 4-HA 567 0.4 10000 9 0.1648
8 1514 4-HA 567 0.4 10000 9 0.1648
9 912 4-HA 567 0.4 10000 9 0.1648
10 476 4-HA 567 0.4 10000 9 0.1648
11 178 4-HA 567 0.4 10000 9 0.1648
12 59 4-HA 567 0.4 10000 9 0.1648
13 20 4-HA 567 0.4 10000 9 0.1648
14 3 4-HA 567 0.4 10000 9 0.1648
0 4 4-HA 567 0.45 10000 9 0.0954
1 53 4-HA 567 0.45 10000 9 0.0954
2 286 4-HA 567 0.45 10000 9 0.0954
3 692 4-HA 567 0.45 10000 9 0.0954
4 1414 4-HA 567 0.45 10000 9 0.0954
5 1909 4-HA 567 0.45 10000 9 0.0954
6 2001 4-HA 567 0.45 10000 9 0.0954
7 1590 4-HA 567 0.45 10000 9 0.0954
8 1097 4-HA 567 0.45 10000 9 0.0954
9 588 4-HA 567 0.45 10000 9 0.0954
10 247 4-HA 567 0.45 10000 9 0.0954
11 95 4-HA 567 0.45 10000 9 0.0954
12 19 4-HA 567 0.45 10000 9 0.0954
13 5 4-HA 567 0.45 10000 9 0.0954
0 13 4-HA 567 0.5 10000 9 0.0474
1 138 4-HA 567 0.5 10000 9 0.0474
2 512 4-HA 567 0.5 10000 9 0.0474
3 1136 4-HA 567 0.5 10000 9 0.0474
4 1768 4-HA 567 0.5 10000 9 0.0474
5 2005 4-HA 567 0.5 10000 9 0.0474
6 1859 4-HA 567 0.5 10000 9 0.0474
7 1334 4-HA 567 0.5 10000 9 0.0474
8 761 4-HA 567 0.5 10000 9 0.0474
9 310 4-HA 567 0.5 10000 9 0.0474
10 135 4-HA 567 0.5 10000 9 0.0474
11 20 4-HA 567 0.5 10000 9 0.0474
12 8 4-HA 567 0.5 10000 9 0.0474
13 1 4-HA 567 0.5 10000 9 0.0474
0 32 4-HA 567 0.55 10000 9 0.0284
1 210 4-HA 567 0.55 10000 9 0.0284
2 743 4-HA 567 0.55 10000 9 0.0284
3 1451 4-HA 567 0.55 10000 9 0.0284
4 1999 4-HA 567 0.55 10000 9 0.0284
5 2117 4-HA 567 0.55 10000 9 0.0284
6 1663 4-HA 567 0.55 10000 9 0.0284
7 967 4-HA 567 0.55 10000 9 0.0284
8 534 4-HA 567 0.55 10000 9 0.0284
9 199 4-HA 567 0.55 10000 9 0.0284
10 63 4-HA 567 0.55 10000 9 0.0284
11 19 4-HA 567 0.55 10000 9 0.0284
12 2 4-HA 567 0.55 10000 9 0.0284
13 1 4-HA 567 0.55 10000 9 0.0284
0 55 4-HA 567 0.6 10000 9 0.0137
1 359 4-HA 567 0.6 10000 9 0.0137
2 1034 4-HA 567 0.6 10000 9 0.0137
3 1758 4-HA 567 0.6 10000 9 0.0137
4 2166 4-HA 567 0.6 10000 9 0.0137
5 1970 4-HA 567 0.6 10000 9 0.0137
6 1369 4-HA 567 0.6 10000 9 0.0137
7 770 4-HA 567 0.6 10000 9 0.0137
8 382 4-HA 567 0.6 10000 9 0.0137
9 105 4-HA 567 0.6 10000 9 0.0137
10 24 4-HA 567 0.6 10000 9 0.0137
11 8 4-HA 567 0.6 10000 9 0.0137
0 87 4-HA 567 0.65 10000 9 0.00929999999999997
1 500 4-HA 567 0.65 10000 9 0.00929999999999997
2 1340 4-HA 567 0.65 10000 9 0.00929999999999997
3 2043 4-HA 567 0.65 10000 9 0.00929999999999997
4 2172 4-HA 567 0.65 10000 9 0.00929999999999997
5 1839 4-HA 567 0.65 10000 9 0.00929999999999997
6 1164 4-HA 567 0.65 10000 9 0.00929999999999997
7 551 4-HA 567 0.65 10000 9 0.00929999999999997
8 211 4-HA 567 0.65 10000 9 0.00929999999999997
9 74 4-HA 567 0.65 10000 9 0.00929999999999997
10 14 4-HA 567 0.65 10000 9 0.00929999999999997
11 4 4-HA 567 0.65 10000 9 0.00929999999999997
12 1 4-HA 567 0.65 10000 9 0.00929999999999997
0 139 4-HA 567 0.7 10000 9 0.00460000000000005
1 645 4-HA 567 0.7 10000 9 0.00460000000000005
2 1570 4-HA 567 0.7 10000 9 0.00460000000000005
3 2229 4-HA 567 0.7 10000 9 0.00460000000000005
4 2265 4-HA 567 0.7 10000 9 0.00460000000000005
5 1630 4-HA 567 0.7 10000 9 0.00460000000000005
6 901 4-HA 567 0.7 10000 9 0.00460000000000005
7 430 4-HA 567 0.7 10000 9 0.00460000000000005
8 145 4-HA 567 0.7 10000 9 0.00460000000000005
9 38 4-HA 567 0.7 10000 9 0.00460000000000005
10 8 4-HA 567 0.7 10000 9 0.00460000000000005
0 170 4-HA 567 0.75 10000 9 0.00229999999999997
1 843 4-HA 567 0.75 10000 9 0.00229999999999997
2 1773 4-HA 567 0.75 10000 9 0.00229999999999997
3 2331 4-HA 567 0.75 10000 9 0.00229999999999997
4 2214 4-HA 567 0.75 10000 9 0.00229999999999997
5 1501 4-HA 567 0.75 10000 9 0.00229999999999997
6 758 4-HA 567 0.75 10000 9 0.00229999999999997
7 297 4-HA 567 0.75 10000 9 0.00229999999999997
8 90 4-HA 567 0.75 10000 9 0.00229999999999997
9 18 4-HA 567 0.75 10000 9 0.00229999999999997
10 5 4-HA 567 0.75 10000 9 0.00229999999999997
0 226 4-HA 567 0.8 10000 9 0.00160000000000005
1 966 4-HA 567 0.8 10000 9 0.00160000000000005
2 2007 4-HA 567 0.8 10000 9 0.00160000000000005
3 2457 4-HA 567 0.8 10000 9 0.00160000000000005
4 2132 4-HA 567 0.8 10000 9 0.00160000000000005
5 1312 4-HA 567 0.8 10000 9 0.00160000000000005
6 567 4-HA 567 0.8 10000 9 0.00160000000000005
7 241 4-HA 567 0.8 10000 9 0.00160000000000005
8 76 4-HA 567 0.8 10000 9 0.00160000000000005
9 13 4-HA 567 0.8 10000 9 0.00160000000000005
10 2 4-HA 567 0.8 10000 9 0.00160000000000005
11 1 4-HA 567 0.8 10000 9 0.00160000000000005
0 315 4-HA 567 0.85 10000 9 0.000800000000000023
1 1158 4-HA 567 0.85 10000 9 0.000800000000000023
2 2183 4-HA 567 0.85 10000 9 0.000800000000000023
3 2526 4-HA 567 0.85 10000 9 0.000800000000000023
4 1923 4-HA 567 0.85 10000 9 0.000800000000000023
5 1130 4-HA 567 0.85 10000 9 0.000800000000000023
6 509 4-HA 567 0.85 10000 9 0.000800000000000023
7 199 4-HA 567 0.85 10000 9 0.000800000000000023
8 49 4-HA 567 0.85 10000 9 0.000800000000000023
9 8 4-HA 567 0.85 10000 9 0.000800000000000023
0 389 4-HA 567 0.9 10000 9 0.00149999999999995
1 1388 4-HA 567 0.9 10000 9 0.00149999999999995
2 2356 4-HA 567 0.9 10000 9 0.00149999999999995
3 2478 4-HA 567 0.9 10000 9 0.00149999999999995
4 1838 4-HA 567 0.9 10000 9 0.00149999999999995
5 961 4-HA 567 0.9 10000 9 0.00149999999999995
6 405 4-HA 567 0.9 10000 9 0.00149999999999995
7 138 4-HA 567 0.9 10000 9 0.00149999999999995
8 32 4-HA 567 0.9 10000 9 0.00149999999999995
9 14 4-HA 567 0.9 10000 9 0.00149999999999995
11 1 4-HA 567 0.9 10000 9 0.00149999999999995
0 443 4-HA 567 0.95 10000 9 0.000399999999999956
1 1552 4-HA 567 0.95 10000 9 0.000399999999999956
2 2539 4-HA 567 0.95 10000 9 0.000399999999999956
3 2469 4-HA 567 0.95 10000 9 0.000399999999999956
4 1677 4-HA 567 0.95 10000 9 0.000399999999999956
5 838 4-HA 567 0.95 10000 9 0.000399999999999956
6 365 4-HA 567 0.95 10000 9 0.000399999999999956
7 91 4-HA 567 0.95 10000 9 0.000399999999999956
8 22 4-HA 567 0.95 10000 9 0.000399999999999956
9 2 4-HA 567 0.95 10000 9 0.000399999999999956
10 2 4-HA 567 0.95 10000 9 0.000399999999999956
0 547 4-HA 567 1 10000 9 0.000299999999999967
1 1714 4-HA 567 1 10000 9 0.000299999999999967
2 2650 4-HA 567 1 10000 9 0.000299999999999967
3 2408 4-HA 567 1 10000 9 0.000299999999999967
4 1589 4-HA 567 1 10000 9 0.000299999999999967
5 728 4-HA 567 1 10000 9 0.000299999999999967
6 267 4-HA 567 1 10000 9 0.000299999999999967
7 79 4-HA 567 1 10000 9 0.000299999999999967
8 15 4-HA 567 1 10000 9 0.000299999999999967
9 2 4-HA 567 1 10000 9 0.000299999999999967
11 1 4-HA 567 1 10000 9 0.000299999999999967
13 22 6-NA 470 0.15 10000 4 1
14 378 6-NA 470 0.15 10000 4 1
15 2090 6-NA 470 0.15 10000 4 1
16 4269 6-NA 470 0.15 10000 4 1
17 3241 6-NA 470 0.15 10000 4 1
6 3 6-NA 470 0.2 10000 4 1
7 28 6-NA 470 0.2 10000 4 1
8 149 6-NA 470 0.2 10000 4 1
9 469 6-NA 470 0.2 10000 4 1
10 1066 6-NA 470 0.2 10000 4 1
11 1869 6-NA 470 0.2 10000 4 1
12 2307 6-NA 470 0.2 10000 4 1
13 2030 6-NA 470 0.2 10000 4 1
14 1337 6-NA 470 0.2 10000 4 1
15 579 6-NA 470 0.2 10000 4 1
16 143 6-NA 470 0.2 10000 4 1
17 20 6-NA 470 0.2 10000 4 1
3 3 6-NA 470 0.25 10000 4 0.9997
4 27 6-NA 470 0.25 10000 4 0.9997
5 91 6-NA 470 0.25 10000 4 0.9997
6 333 6-NA 470 0.25 10000 4 0.9997
7 826 6-NA 470 0.25 10000 4 0.9997
8 1449 6-NA 470 0.25 10000 4 0.9997
9 1923 6-NA 470 0.25 10000 4 0.9997
10 2044 6-NA 470 0.25 10000 4 0.9997
11 1696 6-NA 470 0.25 10000 4 0.9997
12 977 6-NA 470 0.25 10000 4 0.9997
13 449 6-NA 470 0.25 10000 4 0.9997
14 150 6-NA 470 0.25 10000 4 0.9997
15 30 6-NA 470 0.25 10000 4 0.9997
16 2 6-NA 470 0.25 10000 4 0.9997
1 2 6-NA 470 0.3 10000 4 0.9933
2 9 6-NA 470 0.3 10000 4 0.9933
3 56 6-NA 470 0.3 10000 4 0.9933
4 220 6-NA 470 0.3 10000 4 0.9933
5 607 6-NA 470 0.3 10000 4 0.9933
6 1137 6-NA 470 0.3 10000 4 0.9933
7 1759 6-NA 470 0.3 10000 4 0.9933
8 2017 6-NA 470 0.3 10000 4 0.9933
9 1805 6-NA 470 0.3 10000 4 0.9933
10 1318 6-NA 470 0.3 10000 4 0.9933
11 706 6-NA 470 0.3 10000 4 0.9933
12 278 6-NA 470 0.3 10000 4 0.9933
13 70 6-NA 470 0.3 10000 4 0.9933
14 14 6-NA 470 0.3 10000 4 0.9933
15 2 6-NA 470 0.3 10000 4 0.9933
0 1 6-NA 470 0.35 10000 4 0.9658
1 7 6-NA 470 0.35 10000 4 0.9658
2 67 6-NA 470 0.35 10000 4 0.9658
3 267 6-NA 470 0.35 10000 4 0.9658
4 666 6-NA 470 0.35 10000 4 0.9658
5 1304 6-NA 470 0.35 10000 4 0.9658
6 1928 6-NA 470 0.35 10000 4 0.9658
7 2026 6-NA 470 0.35 10000 4 0.9658
8 1714 6-NA 470 0.35 10000 4 0.9658
9 1131 6-NA 470 0.35 10000 4 0.9658
10 585 6-NA 470 0.35 10000 4 0.9658
11 228 6-NA 470 0.35 10000 4 0.9658
12 55 6-NA 470 0.35 10000 4 0.9658
13 19 6-NA 470 0.35 10000 4 0.9658
14 2 6-NA 470 0.35 10000 4 0.9658
0 4 6-NA 470 0.4 10000 4 0.9174
1 41 6-NA 470 0.4 10000 4 0.9174
2 191 6-NA 470 0.4 10000 4 0.9174
3 590 6-NA 470 0.4 10000 4 0.9174
4 1239 6-NA 470 0.4 10000 4 0.9174
5 1848 6-NA 470 0.4 10000 4 0.9174
6 2116 6-NA 470 0.4 10000 4 0.9174
7 1772 6-NA 470 0.4 10000 4 0.9174
8 1254 6-NA 470 0.4 10000 4 0.9174
9 580 6-NA 470 0.4 10000 4 0.9174
10 260 6-NA 470 0.4 10000 4 0.9174
11 75 6-NA 470 0.4 10000 4 0.9174
12 25 6-NA 470 0.4 10000 4 0.9174
13 5 6-NA 470 0.4 10000 4 0.9174
0 14 6-NA 470 0.45 10000 4 0.8492
1 104 6-NA 470 0.45 10000 4 0.8492
2 410 6-NA 470 0.45 10000 4 0.8492
3 980 6-NA 470 0.45 10000 4 0.8492
4 1734 6-NA 470 0.45 10000 4 0.8492
5 2186 6-NA 470 0.45 10000 4 0.8492
6 1962 6-NA 470 0.45 10000 4 0.8492
7 1341 6-NA 470 0.45 10000 4 0.8492
8 773 6-NA 470 0.45 10000 4 0.8492
9 347 6-NA 470 0.45 10000 4 0.8492
10 112 6-NA 470 0.45 10000 4 0.8492
11 27 6-NA 470 0.45 10000 4 0.8492
12 7 6-NA 470 0.45 10000 4 0.8492
13 2 6-NA 470 0.45 10000 4 0.8492
14 1 6-NA 470 0.45 10000 4 0.8492
0 26 6-NA 470 0.5 10000 4 0.774
1 190 6-NA 470 0.5 10000 4 0.774
2 677 6-NA 470 0.5 10000 4 0.774
3 1367 6-NA 470 0.5 10000 4 0.774
4 2029 6-NA 470 0.5 10000 4 0.774
5 2218 6-NA 470 0.5 10000 4 0.774
6 1685 6-NA 470 0.5 10000 4 0.774
7 1038 6-NA 470 0.5 10000 4 0.774
8 502 6-NA 470 0.5 10000 4 0.774
9 200 6-NA 470 0.5 10000 4 0.774
10 57 6-NA 470 0.5 10000 4 0.774
11 9 6-NA 470 0.5 10000 4 0.774
12 2 6-NA 470 0.5 10000 4 0.774
0 59 6-NA 470 0.55 10000 4 0.6937
1 307 6-NA 470 0.55 10000 4 0.6937
2 933 6-NA 470 0.55 10000 4 0.6937
3 1764 6-NA 470 0.55 10000 4 0.6937
4 2252 6-NA 470 0.55 10000 4 0.6937
5 2065 6-NA 470 0.55 10000 4 0.6937
6 1411 6-NA 470 0.55 10000 4 0.6937
7 782 6-NA 470 0.55 10000 4 0.6937
8 291 6-NA 470 0.55 10000 4 0.6937
9 100 6-NA 470 0.55 10000 4 0.6937
10 27 6-NA 470 0.55 10000 4 0.6937
11 8 6-NA 470 0.55 10000 4 0.6937
13 1 6-NA 470 0.55 10000 4 0.6937
0 85 6-NA 470 0.6 10000 4 0.6106
1 502 6-NA 470 0.6 10000 4 0.6106
2 1193 6-NA 470 0.6 10000 4 0.6106
3 2114 6-NA 470 0.6 10000 4 0.6106
4 2284 6-NA 470 0.6 10000 4 0.6106
5 1920 6-NA 470 0.6 10000 4 0.6106
6 1106 6-NA 470 0.6 10000 4 0.6106
7 557 6-NA 470 0.6 10000 4 0.6106
8 185 6-NA 470 0.6 10000 4 0.6106
9 45 6-NA 470 0.6 10000 4 0.6106
10 8 6-NA 470 0.6 10000 4 0.6106
11 1 6-NA 470 0.6 10000 4 0.6106
0 138 6-NA 470 0.65 10000 4 0.5343
1 657 6-NA 470 0.65 10000 4 0.5343
2 1591 6-NA 470 0.65 10000 4 0.5343
3 2271 6-NA 470 0.65 10000 4 0.5343
4 2308 6-NA 470 0.65 10000 4 0.5343
5 1591 6-NA 470 0.65 10000 4 0.5343
6 906 6-NA 470 0.65 10000 4 0.5343
7 366 6-NA 470 0.65 10000 4 0.5343
8 133 6-NA 470 0.65 10000 4 0.5343
9 32 6-NA 470 0.65 10000 4 0.5343
10 6 6-NA 470 0.65 10000 4 0.5343
11 1 6-NA 470 0.65 10000 4 0.5343
0 180 6-NA 470 0.7 10000 4 0.4587
1 861 6-NA 470 0.7 10000 4 0.4587
2 1942 6-NA 470 0.7 10000 4 0.4587
3 2430 6-NA 470 0.7 10000 4 0.4587
4 2148 6-NA 470 0.7 10000 4 0.4587
5 1385 6-NA 470 0.7 10000 4 0.4587
6 694 6-NA 470 0.7 10000 4 0.4587
7 261 6-NA 470 0.7 10000 4 0.4587
8 77 6-NA 470 0.7 10000 4 0.4587
9 19 6-NA 470 0.7 10000 4 0.4587
10 3 6-NA 470 0.7 10000 4 0.4587
0 283 6-NA 470 0.75 10000 4 0.4075
1 1064 6-NA 470 0.75 10000 4 0.4075
2 2068 6-NA 470 0.75 10000 4 0.4075
3 2510 6-NA 470 0.75 10000 4 0.4075
4 2013 6-NA 470 0.75 10000 4 0.4075
5 1237 6-NA 470 0.75 10000 4 0.4075
6 558 6-NA 470 0.75 10000 4 0.4075
7 206 6-NA 470 0.75 10000 4 0.4075
8 53 6-NA 470 0.75 10000 4 0.4075
9 7 6-NA 470 0.75 10000 4 0.4075
10 1 6-NA 470 0.75 10000 4 0.4075
0 333 6-NA 470 0.8 10000 4 0.358
1 1260 6-NA 470 0.8 10000 4 0.358
2 2304 6-NA 470 0.8 10000 4 0.358
3 2523 6-NA 470 0.8 10000 4 0.358
4 1909 6-NA 470 0.8 10000 4 0.358
5 1060 6-NA 470 0.8 10000 4 0.358
6 440 6-NA 470 0.8 10000 4 0.358
7 124 6-NA 470 0.8 10000 4 0.358
8 36 6-NA 470 0.8 10000 4 0.358
9 8 6-NA 470 0.8 10000 4 0.358
10 3 6-NA 470 0.8 10000 4 0.358
0 415 6-NA 470 0.85 10000 4 0.3121
1 1552 6-NA 470 0.85 10000 4 0.3121
2 2451 6-NA 470 0.85 10000 4 0.3121
3 2461 6-NA 470 0.85 10000 4 0.3121
4 1736 6-NA 470 0.85 10000 4 0.3121
5 891 6-NA 470 0.85 10000 4 0.3121
6 357 6-NA 470 0.85 10000 4 0.3121
7 110 6-NA 470 0.85 10000 4 0.3121
8 22 6-NA 470 0.85 10000 4 0.3121
9 4 6-NA 470 0.85 10000 4 0.3121
10 1 6-NA 470 0.85 10000 4 0.3121
0 470 6-NA 470 0.9 10000 4 0.2733
1 1661 6-NA 470 0.9 10000 4 0.2733
2 2577 6-NA 470 0.9 10000 4 0.2733
3 2559 6-NA 470 0.9 10000 4 0.2733
4 1564 6-NA 470 0.9 10000 4 0.2733
5 814 6-NA 470 0.9 10000 4 0.2733
6 251 6-NA 470 0.9 10000 4 0.2733
7 80 6-NA 470 0.9 10000 4 0.2733
8 19 6-NA 470 0.9 10000 4 0.2733
9 4 6-NA 470 0.9 10000 4 0.2733
10 1 6-NA 470 0.9 10000 4 0.2733
0 608 6-NA 470 0.95 10000 4 0.2397
1 1836 6-NA 470 0.95 10000 4 0.2397
2 2771 6-NA 470 0.95 10000 4 0.2397
3 2388 6-NA 470 0.95 10000 4 0.2397
4 1502 6-NA 470 0.95 10000 4 0.2397
5 625 6-NA 470 0.95 10000 4 0.2397
6 204 6-NA 470 0.95 10000 4 0.2397
7 53 6-NA 470 0.95 10000 4 0.2397
8 12 6-NA 470 0.95 10000 4 0.2397
9 1 6-NA 470 0.95 10000 4 0.2397
0 692 6-NA 470 1 10000 4 0.2125
1 2027 6-NA 470 1 10000 4 0.2125
2 2812 6-NA 470 1 10000 4 0.2125
3 2344 6-NA 470 1 10000 4 0.2125
4 1365 6-NA 470 1 10000 4 0.2125
5 534 6-NA 470 1 10000 4 0.2125
6 165 6-NA 470 1 10000 4 0.2125
7 47 6-NA 470 1 10000 4 0.2125
8 13 6-NA 470 1 10000 4 0.2125
9 1 6-NA 470 1 10000 4 0.2125
13 3 other 3458 0.1 10000 7 1
14 13 other 3458 0.1 10000 7 1
15 32 other 3458 0.1 10000 7 1
16 69 other 3458 0.1 10000 7 1
17 122 other 3458 0.1 10000 7 1
18 261 other 3458 0.1 10000 7 1
19 378 other 3458 0.1 10000 7 1
20 598 other 3458 0.1 10000 7 1
21 841 other 3458 0.1 10000 7 1
22 990 other 3458 0.1 10000 7 1
23 1191 other 3458 0.1 10000 7 1
24 1279 other 3458 0.1 10000 7 1
25 1152 other 3458 0.1 10000 7 1
26 1010 other 3458 0.1 10000 7 1
27 800 other 3458 0.1 10000 7 1
28 531 other 3458 0.1 10000 7 1
29 336 other 3458 0.1 10000 7 1
30 194 other 3458 0.1 10000 7 1
31 108 other 3458 0.1 10000 7 1
32 53 other 3458 0.1 10000 7 1
33 30 other 3458 0.1 10000 7 1
34 5 other 3458 0.1 10000 7 1
35 3 other 3458 0.1 10000 7 1
37 1 other 3458 0.1 10000 7 1
6 7 other 3458 0.15 10000 7 0.9993
7 12 other 3458 0.15 10000 7 0.9993
8 35 other 3458 0.15 10000 7 0.9993
9 116 other 3458 0.15 10000 7 0.9993
10 199 other 3458 0.15 10000 7 0.9993
11 396 other 3458 0.15 10000 7 0.9993
12 578 other 3458 0.15 10000 7 0.9993
13 846 other 3458 0.15 10000 7 0.9993
14 1033 other 3458 0.15 10000 7 0.9993
15 1242 other 3458 0.15 10000 7 0.9993
16 1328 other 3458 0.15 10000 7 0.9993
17 1152 other 3458 0.15 10000 7 0.9993
18 952 other 3458 0.15 10000 7 0.9993
19 786 other 3458 0.15 10000 7 0.9993
20 559 other 3458 0.15 10000 7 0.9993
21 353 other 3458 0.15 10000 7 0.9993
22 220 other 3458 0.15 10000 7 0.9993
23 86 other 3458 0.15 10000 7 0.9993
24 62 other 3458 0.15 10000 7 0.9993
25 27 other 3458 0.15 10000 7 0.9993
26 8 other 3458 0.15 10000 7 0.9993
27 3 other 3458 0.15 10000 7 0.9993
3 7 other 3458 0.2 10000 7 0.976
4 12 other 3458 0.2 10000 7 0.976
5 46 other 3458 0.2 10000 7 0.976
6 175 other 3458 0.2 10000 7 0.976
7 321 other 3458 0.2 10000 7 0.976
8 597 other 3458 0.2 10000 7 0.976
9 840 other 3458 0.2 10000 7 0.976
10 1172 other 3458 0.2 10000 7 0.976
11 1304 other 3458 0.2 10000 7 0.976
12 1331 other 3458 0.2 10000 7 0.976
13 1247 other 3458 0.2 10000 7 0.976
14 1085 other 3458 0.2 10000 7 0.976
15 767 other 3458 0.2 10000 7 0.976
16 515 other 3458 0.2 10000 7 0.976
17 283 other 3458 0.2 10000 7 0.976
18 155 other 3458 0.2 10000 7 0.976
19 91 other 3458 0.2 10000 7 0.976
20 34 other 3458 0.2 10000 7 0.976
21 16 other 3458 0.2 10000 7 0.976
22 1 other 3458 0.2 10000 7 0.976
23 1 other 3458 0.2 10000 7 0.976
2 17 other 3458 0.25 10000 7 0.8711
3 69 other 3458 0.25 10000 7 0.8711
4 165 other 3458 0.25 10000 7 0.8711
5 371 other 3458 0.25 10000 7 0.8711
6 667 other 3458 0.25 10000 7 0.8711
7 970 other 3458 0.25 10000 7 0.8711
8 1349 other 3458 0.25 10000 7 0.8711
9 1469 other 3458 0.25 10000 7 0.8711
10 1351 other 3458 0.25 10000 7 0.8711
11 1229 other 3458 0.25 10000 7 0.8711
12 926 other 3458 0.25 10000 7 0.8711
13 664 other 3458 0.25 10000 7 0.8711
14 377 other 3458 0.25 10000 7 0.8711
15 196 other 3458 0.25 10000 7 0.8711
16 108 other 3458 0.25 10000 7 0.8711
17 45 other 3458 0.25 10000 7 0.8711
18 16 other 3458 0.25 10000 7 0.8711
19 8 other 3458 0.25 10000 7 0.8711
20 2 other 3458 0.25 10000 7 0.8711
22 1 other 3458 0.25 10000 7 0.8711
0 2 other 3458 0.3 10000 7 0.704
1 8 other 3458 0.3 10000 7 0.704
2 68 other 3458 0.3 10000 7 0.704
3 226 other 3458 0.3 10000 7 0.704
4 491 other 3458 0.3 10000 7 0.704
5 845 other 3458 0.3 10000 7 0.704
6 1320 other 3458 0.3 10000 7 0.704
7 1507 other 3458 0.3 10000 7 0.704
8 1605 other 3458 0.3 10000 7 0.704
9 1327 other 3458 0.3 10000 7 0.704
10 1030 other 3458 0.3 10000 7 0.704
11 702 other 3458 0.3 10000 7 0.704
12 436 other 3458 0.3 10000 7 0.704
13 226 other 3458 0.3 10000 7 0.704
14 116 other 3458 0.3 10000 7 0.704
15 61 other 3458 0.3 10000 7 0.704
16 22 other 3458 0.3 10000 7 0.704
17 5 other 3458 0.3 10000 7 0.704
18 3 other 3458 0.3 10000 7 0.704
0 4 other 3458 0.35 10000 7 0.5309
1 52 other 3458 0.35 10000 7 0.5309
2 181 other 3458 0.35 10000 7 0.5309
3 487 other 3458 0.35 10000 7 0.5309
4 932 other 3458 0.35 10000 7 0.5309
5 1337 other 3458 0.35 10000 7 0.5309
6 1698 other 3458 0.35 10000 7 0.5309
7 1638 other 3458 0.35 10000 7 0.5309
8 1367 other 3458 0.35 10000 7 0.5309
9 960 other 3458 0.35 10000 7 0.5309
10 665 other 3458 0.35 10000 7 0.5309
11 367 other 3458 0.35 10000 7 0.5309
12 180 other 3458 0.35 10000 7 0.5309
13 84 other 3458 0.35 10000 7 0.5309
14 33 other 3458 0.35 10000 7 0.5309
15 11 other 3458 0.35 10000 7 0.5309
16 3 other 3458 0.35 10000 7 0.5309
18 1 other 3458 0.35 10000 7 0.5309
0 16 other 3458 0.4 10000 7 0.3962
1 88 other 3458 0.4 10000 7 0.3962
2 351 other 3458 0.4 10000 7 0.3962
3 785 other 3458 0.4 10000 7 0.3962
4 1359 other 3458 0.4 10000 7 0.3962
5 1675 other 3458 0.4 10000 7 0.3962
6 1764 other 3458 0.4 10000 7 0.3962
7 1565 other 3458 0.4 10000 7 0.3962
8 1093 other 3458 0.4 10000 7 0.3962
9 664 other 3458 0.4 10000 7 0.3962
10 348 other 3458 0.4 10000 7 0.3962
11 171 other 3458 0.4 10000 7 0.3962
12 78 other 3458 0.4 10000 7 0.3962
13 25 other 3458 0.4 10000 7 0.3962
14 9 other 3458 0.4 10000 7 0.3962
15 6 other 3458 0.4 10000 7 0.3962
16 1 other 3458 0.4 10000 7 0.3962
17 1 other 3458 0.4 10000 7 0.3962
18 1 other 3458 0.4 10000 7 0.3962
0 19 other 3458 0.45 10000 7 0.2786
1 202 other 3458 0.45 10000 7 0.2786
2 595 other 3458 0.45 10000 7 0.2786
3 1228 other 3458 0.45 10000 7 0.2786
4 1681 other 3458 0.45 10000 7 0.2786
5 1808 other 3458 0.45 10000 7 0.2786
6 1681 other 3458 0.45 10000 7 0.2786
7 1240 other 3458 0.45 10000 7 0.2786
8 778 other 3458 0.45 10000 7 0.2786
9 442 other 3458 0.45 10000 7 0.2786
10 217 other 3458 0.45 10000 7 0.2786
11 66 other 3458 0.45 10000 7 0.2786
12 29 other 3458 0.45 10000 7 0.2786
13 9 other 3458 0.45 10000 7 0.2786
14 3 other 3458 0.45 10000 7 0.2786
15 1 other 3458 0.45 10000 7 0.2786
16 1 other 3458 0.45 10000 7 0.2786
0 64 other 3458 0.5 10000 7 0.1987
1 288 other 3458 0.5 10000 7 0.1987
2 836 other 3458 0.5 10000 7 0.1987
3 1523 other 3458 0.5 10000 7 0.1987
4 1908 other 3458 0.5 10000 7 0.1987
5 1890 other 3458 0.5 10000 7 0.1987
6 1504 other 3458 0.5 10000 7 0.1987
7 1002 other 3458 0.5 10000 7 0.1987
8 533 other 3458 0.5 10000 7 0.1987
9 269 other 3458 0.5 10000 7 0.1987
10 122 other 3458 0.5 10000 7 0.1987
11 45 other 3458 0.5 10000 7 0.1987
12 12 other 3458 0.5 10000 7 0.1987
13 4 other 3458 0.5 10000 7 0.1987
0 90 other 3458 0.55 10000 7 0.142
1 497 other 3458 0.55 10000 7 0.142
2 1153 other 3458 0.55 10000 7 0.142
3 1871 other 3458 0.55 10000 7 0.142
4 2028 other 3458 0.55 10000 7 0.142
5 1707 other 3458 0.55 10000 7 0.142
6 1234 other 3458 0.55 10000 7 0.142
7 785 other 3458 0.55 10000 7 0.142
8 396 other 3458 0.55 10000 7 0.142
9 140 other 3458 0.55 10000 7 0.142
10 74 other 3458 0.55 10000 7 0.142
11 16 other 3458 0.55 10000 7 0.142
12 6 other 3458 0.55 10000 7 0.142
13 3 other 3458 0.55 10000 7 0.142
0 149 other 3458 0.6 10000 7 0.0907
1 657 other 3458 0.6 10000 7 0.0907
2 1435 other 3458 0.6 10000 7 0.0907
3 2056 other 3458 0.6 10000 7 0.0907
4 2072 other 3458 0.6 10000 7 0.0907
5 1602 other 3458 0.6 10000 7 0.0907
6 1122 other 3458 0.6 10000 7 0.0907
7 526 other 3458 0.6 10000 7 0.0907
8 237 other 3458 0.6 10000 7 0.0907
9 89 other 3458 0.6 10000 7 0.0907
10 39 other 3458 0.6 10000 7 0.0907
11 13 other 3458 0.6 10000 7 0.0907
12 1 other 3458 0.6 10000 7 0.0907
13 1 other 3458 0.6 10000 7 0.0907
15 1 other 3458 0.6 10000 7 0.0907
0 197 other 3458 0.65 10000 7 0.0694
1 853 other 3458 0.65 10000 7 0.0694
2 1684 other 3458 0.65 10000 7 0.0694
3 2252 other 3458 0.65 10000 7 0.0694
4 2021 other 3458 0.65 10000 7 0.0694
5 1440 other 3458 0.65 10000 7 0.0694
6 859 other 3458 0.65 10000 7 0.0694
7 433 other 3458 0.65 10000 7 0.0694
8 174 other 3458 0.65 10000 7 0.0694
9 65 other 3458 0.65 10000 7 0.0694
10 20 other 3458 0.65 10000 7 0.0694
11 1 other 3458 0.65 10000 7 0.0694
12 1 other 3458 0.65 10000 7 0.0694
0 295 other 3458 0.7 10000 7 0.049
1 1017 other 3458 0.7 10000 7 0.049
2 1931 other 3458 0.7 10000 7 0.049
3 2362 other 3458 0.7 10000 7 0.049
4 1949 other 3458 0.7 10000 7 0.049
5 1276 other 3458 0.7 10000 7 0.049
6 680 other 3458 0.7 10000 7 0.049
7 310 other 3458 0.7 10000 7 0.049
8 125 other 3458 0.7 10000 7 0.049
9 42 other 3458 0.7 10000 7 0.049
10 10 other 3458 0.7 10000 7 0.049
11 3 other 3458 0.7 10000 7 0.049
0 347 other 3458 0.75 10000 7 0.0385
1 1233 other 3458 0.75 10000 7 0.0385
2 2130 other 3458 0.75 10000 7 0.0385
3 2307 other 3458 0.75 10000 7 0.0385
4 1891 other 3458 0.75 10000 7 0.0385
5 1151 other 3458 0.75 10000 7 0.0385
6 556 other 3458 0.75 10000 7 0.0385
7 248 other 3458 0.75 10000 7 0.0385
8 96 other 3458 0.75 10000 7 0.0385
9 33 other 3458 0.75 10000 7 0.0385
10 7 other 3458 0.75 10000 7 0.0385
11 1 other 3458 0.75 10000 7 0.0385
0 427 other 3458 0.8 10000 7 0.0279
1 1441 other 3458 0.8 10000 7 0.0279
2 2229 other 3458 0.8 10000 7 0.0279
3 2319 other 3458 0.8 10000 7 0.0279
4 1780 other 3458 0.8 10000 7 0.0279
5 1010 other 3458 0.8 10000 7 0.0279
6 515 other 3458 0.8 10000 7 0.0279
7 185 other 3458 0.8 10000 7 0.0279
8 70 other 3458 0.8 10000 7 0.0279
9 15 other 3458 0.8 10000 7 0.0279
10 8 other 3458 0.8 10000 7 0.0279
11 1 other 3458 0.8 10000 7 0.0279
0 531 other 3458 0.85 10000 7 0.0198
1 1620 other 3458 0.85 10000 7 0.0198
2 2379 other 3458 0.85 10000 7 0.0198
3 2326 other 3458 0.85 10000 7 0.0198
4 1591 other 3458 0.85 10000 7 0.0198
5 964 other 3458 0.85 10000 7 0.0198
6 391 other 3458 0.85 10000 7 0.0198
7 144 other 3458 0.85 10000 7 0.0198
8 39 other 3458 0.85 10000 7 0.0198
9 9 other 3458 0.85 10000 7 0.0198
10 5 other 3458 0.85 10000 7 0.0198
11 1 other 3458 0.85 10000 7 0.0198
0 632 other 3458 0.9 10000 7 0.0149
1 1842 other 3458 0.9 10000 7 0.0149
2 2537 other 3458 0.9 10000 7 0.0149
3 2274 other 3458 0.9 10000 7 0.0149
4 1505 other 3458 0.9 10000 7 0.0149
5 752 other 3458 0.9 10000 7 0.0149
6 309 other 3458 0.9 10000 7 0.0149
7 107 other 3458 0.9 10000 7 0.0149
8 31 other 3458 0.9 10000 7 0.0149
9 8 other 3458 0.9 10000 7 0.0149
10 2 other 3458 0.9 10000 7 0.0149
11 1 other 3458 0.9 10000 7 0.0149
0 722 other 3458 0.95 10000 7 0.0134
1 1978 other 3458 0.95 10000 7 0.0134
2 2592 other 3458 0.95 10000 7 0.0134
3 2180 other 3458 0.95 10000 7 0.0134
4 1402 other 3458 0.95 10000 7 0.0134
5 700 other 3458 0.95 10000 7 0.0134
6 292 other 3458 0.95 10000 7 0.0134
7 93 other 3458 0.95 10000 7 0.0134
8 33 other 3458 0.95 10000 7 0.0134
9 5 other 3458 0.95 10000 7 0.0134
10 3 other 3458 0.95 10000 7 0.0134
0 851 other 3458 1 10000 7 0.00919999999999999
1 2151 other 3458 1 10000 7 0.00919999999999999
2 2704 other 3458 1 10000 7 0.00919999999999999
3 2146 other 3458 1 10000 7 0.00919999999999999
4 1259 other 3458 1 10000 7 0.00919999999999999
5 570 other 3458 1 10000 7 0.00919999999999999
6 227 other 3458 1 10000 7 0.00919999999999999
7 67 other 3458 1 10000 7 0.00919999999999999
8 17 other 3458 1 10000 7 0.00919999999999999
9 5 other 3458 1 10000 7 0.00919999999999999
10 3 other 3458 1 10000 7 0.00919999999999999
